94: [0, 1, 1, 1, 2, 2, 3, 3, 3, 3, 4, 4, 4, 6, 7, 8, 9, 9]
202: [0, 0, 2, 3, 3, 3, 4, 4, 4, 4, 4, 6, 6, 6, 7, 7, 8, 8, 8, 8, 9]
27: [0, 0, 1, 6, 6, 6, 6, 7, 7, 7, 7, 7, 8, 9]
112: [0, 1, 1, 3, 3, 3, 5, 5, 6, 6, 6, 8]
247: [0, 0, 0, 0, 0, 1, 2, 2, 3, 3, 3, 3, 4, 5, 5, 5, 5, 6, 6, 6, 6, 7, 7, 8, 8, 8, 8, 8, 9]
245: [0, 0, 1, 1, 1, 2, 2, 2, 3, 3, 4, 5, 5, 6, 6, 6, 8, 9, 9]
97: [0, 1, 1, 2, 3, 3, 3, 3, 3, 3, 4, 4, 4, 6, 7, 7, 7, 7, 8, 9, 9, 9]
32: [0, 1, 2, 3, 4, 7, 7, 8]
7: [0, 0, 1, 1, 1, 1, 1, 2, 2, 2, 2, 4, 4, 6, 6, 6, 7, 7, 7, 8, 8, 8, 8, 9, 9]
86: [0, 0, 0, 0, 0, 1, 1, 1, 1, 1, 1, 2, 3, 3, 3, 3, 4, 4, 4, 5, 5, 6, 6, 6, 6, 6, 7, 7, 8, 9]
24: [0, 3, 5, 6, 7, 8, 9]
170: [2, 2, 4, 6, 8]
119: [0, 2, 2, 2, 3, 4, 4, 4, 5, 6, 6, 8, 8, 8, 9]
216: [0, 0, 1, 1, 1, 1, 2, 2, 2, 2, 3, 3, 3, 4, 4, 4, 5, 5, 6, 6, 6, 6, 7, 7, 7, 7, 7, 9, 9, 9]
117: [0, 0, 0, 3, 5, 6, 7, 8, 8]
207: [6]
47: [0, 1, 1, 2, 4, 5, 6, 6, 6, 7, 7, 7, 7, 9, 9, 9]
163: [0, 2, 5, 5, 6, 6, 7, 7, 7, 8, 9]
122: [0, 0, 0, 0, 1, 1, 2, 3, 3, 4, 4, 5, 6, 6, 7, 7, 8, 8, 9, 9]
195: [0, 4, 5, 7, 9, 9]
215: [0, 0]
175: [0, 0, 1, 2, 2, 3, 4, 4, 4, 4, 4, 5, 6, 6, 7, 8]
144: [1, 1, 1, 3, 3, 4, 4, 4, 5, 5, 5, 6, 6, 6, 7, 7, 8, 9]
160: [0, 0, 0, 0, 0, 0, 1, 1, 1, 2, 2, 2, 3, 3, 4, 4, 5, 5, 5, 6, 7, 7, 8, 9, 9, 9]
146: [0, 2, 2, 2, 5, 7, 8, 9]
