1: 7476: [0, 0, 1, 1, 2, 2, 3, 4, 4, 4, 4, 4, 4, 5, 5, 6, 7, 8, 8, 9]
1: 4878: [0, 0, 1, 2, 2, 4, 4, 6, 6, 8, 9]
1: 3892: [1, 1, 4, 5, 5, 7, 8, 8]
1: 9357: [0, 2, 6, 8]
1: 2906: [0, 0, 0, 0, 1, 1, 1, 2, 2, 2, 2, 3, 4, 5, 5, 6, 7, 8, 8, 8, 8, 9, 9, 9, 9]
1: 2265: [0, 2, 3, 3, 3, 4, 8, 8]
1: 559: [0, 0, 1, 4, 7, 9]
1: 5579: [0, 1, 1, 2, 2, 3, 3, 4, 5, 5, 6, 6, 6, 6, 7, 7, 7, 8, 9, 9, 9]
1: 4114: [0, 1, 6, 7, 9, 9]
1: 3292: [6]
1: 610: [1, 2, 3, 5, 8]
1: 1709: [0, 0, 0, 0, 1, 1, 2, 2, 2, 3, 3, 4, 5, 5, 5, 6, 6, 7, 7, 7, 8, 8, 9]
1: 816: [0, 2, 2, 3, 3, 3, 3, 3, 3, 4, 4, 4, 4, 4, 5, 5, 6, 6, 6, 6, 6, 7, 7, 7, 8, 8, 8, 9, 9]
1: 1548: [2, 4, 5, 7, 9]
1: 131: [0, 0, 0, 2, 3, 4, 5, 6, 6, 7, 7, 8, 8, 8, 9, 9]
1: 7264: [0, 4, 5, 6, 6, 6, 7, 7, 7, 8, 8, 8, 9]
1: 7461: [0, 0, 1, 1, 1, 1, 2, 2, 4, 4, 5, 5, 6, 7, 7, 7, 8, 8, 9, 9, 9]
1: 6005: [0, 0, 0, 3, 4, 4, 5, 5, 7, 8, 8, 8, 9, 9, 9, 9]
1: 2212: [0, 0, 1, 2, 2, 2, 2, 2, 2, 3, 3, 4, 4, 5, 5, 6, 7, 7, 8, 9, 9, 9, 9, 9]
1: 6954: [0, 1, 1, 2, 2, 2, 3, 3, 3, 3, 3, 4, 4, 5, 5, 5, 6, 6, 6, 7, 7, 8, 9]
1: 1930: [0, 1, 2, 2, 2, 3, 4, 5, 5, 6, 6, 6, 7, 7, 8, 8, 8, 8, 9, 9, 9]
1: 5765: [2, 3, 3, 3, 4, 4, 4, 5, 5, 5, 6, 7, 8, 8, 9, 9]
1: 7039: [0, 3, 3, 4, 4, 5, 5, 6]
1: 4424: [0, 1, 1, 1, 2, 2, 2, 2, 3, 5, 5, 5, 6, 6, 6, 7, 7, 9]
1: 8149: [1, 2, 5, 5, 5, 6, 8]
1: 1860: [3]
1: 8525: [0, 1, 2, 3, 3, 3, 3, 6, 6, 6, 7, 7, 7, 7, 7, 8, 8, 9, 9, 9]
1: 2429: [1, 1, 1, 2, 3, 4, 5, 9]
1: 3192: [0, 1, 1, 2]
1: 4454: [0, 0, 0, 1, 1, 2, 2, 3, 3, 3, 3, 3, 3, 4, 5, 5, 6, 7, 7, 8, 9, 9, 9]
1: 9723: [0, 0, 1, 2, 2, 2, 2, 3, 3, 4, 4, 4, 4, 4, 4, 5, 5, 6, 9, 9, 9, 9, 9]
1: 8263: [0, 0, 1, 1, 2, 3, 3, 3, 4, 4, 4, 4, 5, 5, 5, 5, 6, 6, 6, 6, 7, 7, 7, 7, 7, 7, 7, 7, 9]
1: 8454: [0, 0, 1, 2, 2, 2, 3, 4, 5, 5, 7, 7, 8, 8, 8, 8]
1: 2786: [4, 5, 6, 6, 6, 7, 7]
1: 3815: [0, 4, 6, 8]
1: 599: [0, 0, 2, 2, 2, 3, 3, 4, 4, 5, 6, 7, 7, 8, 8, 8, 8, 9, 9, 9]
1: 3581: [0, 1, 1, 1, 2, 3, 3, 3, 3, 4, 4, 4, 5, 7, 8, 9]
1: 1522: [1, 2, 2, 3, 3, 3, 5, 5, 6, 6, 9]
1: 7972: [0, 0, 1, 1, 1, 2, 2, 3, 3, 4, 5, 5, 5, 6, 6, 6, 7, 8, 9]
1: 7900: [0, 2, 3, 4, 4, 5, 5, 6, 7, 7, 7, 7, 8, 9]
1: 1952: [0, 0, 1, 1, 2, 2, 3, 3, 4, 4, 4, 4, 6, 6, 7, 7, 8, 8, 9, 9]
1: 992: [0, 1, 2, 2, 3, 4, 4, 5, 5, 6, 7, 7, 8, 8, 8]
1: 8399: [0, 0, 1, 3, 4, 5, 5, 5, 6, 6, 6, 6, 8]
1: 7292: [0, 0, 0, 1, 1, 1, 1, 2, 2, 3, 3, 4, 5, 6, 6, 6, 8, 9, 9, 9]
1: 6560: [0, 0, 0, 1, 1, 3, 3, 4, 4, 5, 6, 6, 6, 7, 7, 7, 8, 9, 9, 9]
1: 5729: [0, 1, 1, 1, 1, 1, 2, 2, 3, 3, 3, 4, 5, 6, 6, 7, 7, 7, 8, 8, 9]
1: 5373: [1, 1, 1, 3, 7, 7, 9]
1: 8941: [0, 0, 0, 1, 2, 3, 3, 5, 7, 9, 9]
1: 8949: [1, 1, 2, 2, 3, 4, 4, 7, 8]
1: 3788: [0, 0, 1, 2, 2, 3, 3, 4, 4, 5, 6, 6, 6, 6, 6, 6, 6, 7, 8, 9, 9]
1: 8357: [3, 5, 5, 6, 6, 7]
1: 3537: [0, 0, 0, 1, 1, 2, 2, 2, 2, 3, 3, 5, 5, 5, 6, 6, 6, 8, 8, 8, 8, 8, 9, 9]
1: 7566: [0, 2, 3, 5, 6, 7, 8, 8, 8, 9]
1: 5800: [0, 0, 1, 2, 2, 2, 3, 3, 4, 5, 5, 5, 5, 5, 6, 6, 6, 6, 6, 6, 7, 7, 8, 8, 8, 9]
1: 3994: [0, 0, 1, 1, 1, 2, 4, 6, 6, 7, 7, 8, 9, 9, 9]
1: 2715: [0, 0, 0, 1, 1, 2, 2, 3, 3, 3, 4, 4, 5, 5, 5, 5, 6, 6, 6, 7, 7, 7, 7, 8, 9, 9, 9, 9, 9, 9]
1: 1180: [4, 5, 6]
1: 8024: [0, 0, 0, 2, 2, 2, 3, 3, 3, 3, 4, 4, 7, 8, 8, 8]
1: 4598: [0, 0, 0, 0, 1, 4, 5, 6, 6, 8, 9, 9, 9]
1: 3763: [0, 1, 1, 2, 2, 2, 2, 2, 2, 3, 3, 4, 4, 4, 4, 5, 6, 7, 7, 7, 7, 7, 7, 7, 8, 9, 9, 9, 9]
1: 5868: [1, 1, 2, 2, 6, 8, 8]
1: 4010: [0, 0, 1, 1, 1, 1, 3, 3, 3, 4, 4, 5, 5, 6, 7, 7, 7, 8, 8, 8, 9, 9, 9]
1: 5859: [7, 9, 9, 9]
1: 758: [2, 3, 4, 5, 6, 8, 9]
1: 9350: [0, 1, 3, 3, 3, 4, 4, 4, 5, 6, 6, 8, 9, 9, 9, 9]
1: 5340: [0, 0, 0, 1, 1, 1, 1, 1, 1, 2, 2, 3, 3, 4, 4, 4, 5, 5, 6, 6, 6, 7, 7, 8, 8, 8, 8, 9, 9, 9]
1: 9504: [1, 1, 2, 3, 6, 6]
1: 337: [0, 0, 0, 1, 1, 2, 3, 3, 4, 4, 5, 5, 5, 5, 6, 6, 9, 9, 9, 9]
1: 6066: [0, 0, 0, 1, 1, 1, 1, 1, 2, 2, 3, 3, 4, 4, 4, 5, 7, 7, 8, 8, 9, 9]
1: 7485: [4, 4, 4, 5, 5, 6, 6, 7, 7, 8, 9]
1: 9574: [0, 0, 1, 1, 1, 1, 2, 2, 3, 3, 3, 3, 4, 4, 5, 5, 5, 5, 6, 6, 6, 6, 7, 7, 7, 8, 8, 8, 8, 8]
1: 9429: [2, 2, 7]
1: 7740: [0, 1, 1, 1, 1, 2, 2, 3, 6, 6, 6, 7, 7, 8, 8, 8, 8, 9, 9]
1: 7976: [0, 2, 4, 6, 7, 7]
1: 5280: [0, 0, 1, 2, 3, 4, 4, 5, 6, 6, 7, 7, 8, 8, 8]
1: 2202: [0, 1, 1, 2, 2, 3, 3, 4, 4, 4, 4, 4, 5, 5, 6, 6, 6, 7, 9]
1: 5275: [0, 1]
1: 7996: [0, 0, 1, 2, 2, 2, 2, 4, 7, 7, 8, 9, 9, 9]
1: 8422: [0, 2, 3, 3, 4, 7, 9]
1: 1665: [1, 3, 5, 6, 6, 7, 7, 8]
1: 9155: [0, 0, 0, 1, 1, 2, 2, 3, 4, 6, 6, 6, 6, 7, 7, 7, 7, 7, 8, 8, 8, 9, 9, 9, 9, 9]
1: 6179: [6, 6, 8]
1: 2403: [0, 0, 1, 2, 2, 2, 3, 4, 4, 4, 5, 6, 6, 7, 8, 8, 8, 8, 8, 8, 9]
1: 9310: [0, 1, 1, 1, 1, 2, 3, 3, 3, 3, 3, 3, 4, 4, 6, 6, 6, 7, 7, 9, 9]
1: 2017: [0, 1, 1, 1, 3, 3, 3, 3, 4, 4, 5, 6, 6, 7, 7, 7, 8, 8, 9]
1: 996: [0, 7]
1: 3978: [0, 0, 1, 3, 4, 5, 6, 6, 7, 8, 8, 8]
1: 236: [1, 1, 2, 3, 3, 3, 4, 4, 5, 6]
1: 2646: [0, 0, 0, 1, 1, 1, 2, 3, 3, 3, 4, 4, 4, 4, 4, 4, 5, 5, 5, 6, 7, 7, 7, 7, 8, 9, 9, 9]
1: 1315: [0, 0, 0, 1, 1, 1, 2, 3, 3, 4, 5, 6, 8, 8, 9]
1: 1072: [0, 0, 0, 2, 3, 4, 5, 6, 9]
1: 743: [0, 1, 1, 1, 1, 1, 1, 2, 3, 3, 3, 4, 4, 5, 5, 7, 9, 9, 9]
1: 6508: [0, 0, 0, 1, 1, 2, 2, 3, 3, 3, 3, 4, 5, 6, 6, 7, 7, 8, 8, 9]
1: 3230: [0, 1, 2, 5, 6, 7, 9, 9]
1: 7020: [5]
1: 2970: [0, 0, 0, 1, 1, 1, 1, 2, 2, 2, 3, 3, 3, 3, 4, 4, 4, 4, 6, 6, 6, 7, 7, 8, 9, 9]
1: 2862: [0, 1, 3, 3, 4, 5, 5, 5, 6, 6, 6, 7, 7, 9]
1: 8522: [0, 0, 1, 1, 2, 4, 4, 4, 4, 4, 6, 7, 8, 8]
1: 1524: [0, 0, 0, 0, 0, 0, 1, 1, 1, 3, 3, 4, 5, 5, 6, 6, 7, 7, 9, 9, 9, 9, 9]
1: 3457: [0, 0, 1, 2, 3, 3, 3, 4, 4, 4, 5, 5, 5, 5, 5, 5, 6, 6, 7, 7, 7, 7, 8, 8, 8, 9]
1: 1985: [0, 0, 0, 1, 1, 2, 3, 4, 4, 5, 5, 6, 6, 7, 7, 7, 7, 8, 8, 8, 9, 9]
1: 8613: [0, 0, 0, 1, 1, 1, 1, 2, 2, 2, 2, 3, 4, 6, 6, 6, 6, 6, 7, 8, 8, 8, 9, 9, 9, 9, 9, 9]
1: 4724: [0, 0, 1, 1, 4, 4, 5, 5, 5, 6, 6, 7, 7, 7, 7, 7, 7, 8]
1: 9381: [0, 0, 1, 2, 2, 3, 3, 3, 3, 3, 4, 5, 5, 6, 6, 7, 7, 8, 8, 8, 9, 9]
1: 4: [0, 1, 3, 3, 3, 4, 5, 5, 6, 6, 6, 6, 8, 8]
1: 9423: [6]
1: 4755: [0, 0, 0, 1, 1, 2, 2, 3, 3, 4, 4, 5, 5, 5, 5, 6, 6, 6, 7, 8, 8, 9, 9]
1: 1005: [0, 0, 0, 1, 1, 2, 3, 3, 4, 4, 4, 4, 4, 5, 5, 5, 5, 6, 6, 6, 7, 7, 7, 7, 7, 8, 8, 9, 9]
1: 1850: [0, 1, 1, 1, 1, 2, 2, 2, 2, 3, 3, 3, 4, 4, 4, 4, 5, 6, 6, 7, 7, 8, 8, 9, 9, 9]
1: 6929: [1, 2, 3, 6, 6, 6, 7, 7, 8, 9]
1: 6392: [0, 1, 1, 2, 2, 3, 3, 3, 4, 4, 6, 7, 8, 8, 9]
1: 6224: [0, 0, 1, 2, 2, 2, 3, 3, 3, 4, 4, 4, 4, 6, 6, 7, 7, 8, 9, 9, 9]
1: 9739: [2, 2, 4, 5, 5, 5, 5, 5, 6, 6, 6, 8, 8, 9]
1: 7279: [0, 1, 1, 2, 2, 3, 3, 3, 3, 4, 6, 6, 6, 7, 7, 7, 7, 7, 7, 8, 8, 8, 8, 8, 8, 8, 9, 9, 9]
1: 4172: [0, 0, 3, 3, 4, 4, 5, 7, 8, 8, 9]
1: 5540: [0, 0, 1, 1, 1, 2, 3, 4, 4, 5, 5, 6, 6, 7, 7]
1: 2131: [3, 4, 5, 5, 5, 5, 6, 8, 9, 9]
1: 7643: [2, 7, 7, 7, 9]
1: 3422: [2, 6, 7]
1: 2879: [0, 3, 8]
1: 6000: [0, 0, 0, 1, 2, 3, 3, 3, 3, 5, 5, 5, 6, 6, 6, 6, 6, 7, 7, 8, 8, 8]
1: 1167: [0, 1, 1, 2, 2, 2, 2, 4, 4, 4, 4, 4, 4, 5, 5, 5, 6, 7, 7, 7, 7, 9, 9]
1: 7351: [0, 2, 3, 5, 5, 6, 7]
1: 1261: [2, 9]
1: 9147: [0, 1, 1, 1, 3, 3, 3, 5, 6, 7]
1: 8431: [1, 2, 3, 4, 5, 8, 8, 8]
1: 1846: [0, 1, 2, 3, 6, 8, 8]
1: 9443: [0, 1, 1, 1, 1, 2, 2, 3, 3, 3, 3, 4, 4, 5, 5, 5, 5, 6, 6, 6, 7, 7, 8, 8, 8, 8, 9, 9, 9, 9]
1: 9940: [1, 2, 2, 3, 3, 6, 8, 9]
1: 4809: [0, 0]
1: 1577: [2, 4, 6, 7, 9]
1: 4214: [0, 1, 2, 2, 2, 3, 4, 7, 7, 7, 9]
1: 969: [3, 4, 5, 7, 8]
1: 2463: [0, 0, 1, 3, 4, 4, 4, 5, 7, 8, 8, 8, 8, 8, 8, 9, 9, 9, 9]
1: 5426: [0, 0, 1, 2, 3, 7, 8]
1: 6938: [0, 0, 0, 1, 1, 2, 2, 2, 3, 4, 4, 4, 4, 5, 5, 5, 6, 6, 6, 7, 8, 9, 9]
1: 7425: [0, 1, 1, 2, 2, 2, 2, 3, 4, 4, 4, 4, 4, 4, 5, 5, 6, 6, 6, 7, 7, 7, 8, 9, 9, 9]
1: 4759: [0, 0, 1, 1, 1, 2, 2, 3, 4, 4, 4, 5, 5, 5, 6, 6, 7, 8, 8, 9, 9, 9, 9]
1: 4926: [0, 1, 1, 1, 2, 2, 2, 3, 3, 3, 4, 5, 5, 6, 6, 6, 6, 6, 7, 8, 9, 9, 9, 9]
1: 9509: [0, 1, 1, 2, 3, 4, 4, 4, 4, 4, 5, 7, 7, 8, 9, 9, 9]
1: 9399: [0, 1, 2, 2, 2, 3, 3, 3, 3, 4, 6, 6, 7, 7, 7, 7, 7, 8, 8, 8, 9]
1: 8200: [2, 5, 6, 7]
1: 132: [2]
1: 8813: [0, 0, 0, 0, 2, 2, 3, 3, 4, 4, 4, 5, 6, 6, 8, 9]
1: 535: [0, 0, 1, 2, 2, 2, 3, 3, 3, 4, 4, 5, 6, 6, 6, 7, 7, 7, 8, 8, 8, 9, 9, 9]
1: 808: [0, 0, 1, 1, 3, 4, 5, 7, 8, 9, 9]
1: 3165: [0, 0, 0, 0, 0, 0, 1, 2, 2, 2, 2, 3, 3, 3, 4, 5, 7, 7, 8, 8, 8, 9, 9, 9, 9, 9]
1: 9756: [0, 0, 2, 3, 3, 3, 3, 3, 4, 4, 4, 4, 5, 5, 6, 6, 6, 6, 7, 7, 7, 8, 8, 8, 9]
1: 2124: [1, 2, 4, 4, 6, 9]
1: 8276: [0, 1, 1, 2, 3, 5, 5, 6, 7]
1: 9635: [0, 0, 1, 4, 5, 7, 9]
1: 3411: [0, 1, 1, 1, 2, 2, 2, 3, 3, 3, 3, 4, 5, 6, 6, 6, 7, 7, 7, 7, 7, 9, 9]
1: 9025: [0, 1, 1, 1, 2, 2, 2, 2, 2, 3, 3, 4, 5, 7, 8]
1: 6915: [6]
1: 5298: [0, 0, 1, 1, 1, 1, 1, 2, 2, 2, 2, 4, 4, 4, 5, 5, 6, 7, 7, 7, 8, 8, 8, 8, 9, 9, 9]
1: 954: [0, 0, 1, 1, 1, 2, 2, 3, 3, 4, 4, 4, 4, 5, 6, 6, 8, 8, 8, 9, 9, 9, 9, 9, 9, 9]
1: 621: [6, 9, 9]
1: 4925: [0, 0, 0, 2, 2, 2, 2, 4, 4, 4, 5, 5, 5, 5, 6, 6, 6, 6, 7, 8, 8, 8, 9, 9, 9]
1: 8997: [1, 2, 2, 2, 3, 3, 3, 6, 6, 6, 6, 6, 7, 7, 7, 8, 8, 9, 9]
1: 2119: [0, 1, 2, 2, 3, 5, 6, 6, 6, 7, 8, 8, 8, 8, 8]
1: 5308: [0, 0, 3, 6, 6, 8, 8, 9]
1: 5178: [1, 2, 2, 3, 4, 4, 4, 4, 6, 7, 7, 7, 7, 7, 8, 8, 8, 9]
1: 6886: [2, 6, 8, 9]
1: 286: [0, 0, 1, 2, 3, 3, 4, 5, 5, 6, 7, 8, 8, 9, 9, 9]
1: 3915: [6]
1: 6232: [4]
1: 4285: [0, 0, 0, 1, 1, 2, 2, 2, 2, 3, 3, 4, 4, 5, 5, 6, 7, 7, 7, 8, 8, 9]
1: 4257: [0, 1, 1, 2, 3, 3, 3, 5, 6, 8, 8, 8, 8]
1: 9397: [0, 3, 4, 4, 5, 6, 6, 7, 8, 8, 9]
1: 3596: [0, 2, 2, 3, 3, 4, 4, 4, 4, 5, 5, 5, 6, 6, 7, 8, 8, 8, 8]
1: 3996: [0, 1, 2, 3, 3, 4, 5, 6, 7, 8]
1: 6241: [1, 2, 3, 4, 4, 4, 4, 5, 6, 7, 8, 9]
1: 229: [0, 1, 2, 2, 3, 6, 7, 7, 7, 8]
1: 8912: [0, 0, 0, 0, 0, 1, 2, 2, 3, 3, 3, 4, 4, 4, 5, 5, 5, 6, 6, 6, 7, 7, 7, 7, 8, 9]
1: 6555: [0, 0, 1, 1, 2, 2, 3, 4, 5, 6, 6, 6, 6, 7, 7, 7, 7, 8, 9, 9]
1: 9291: [0, 3, 4, 4, 5, 5, 6, 8, 9]
1: 1698: [2, 2, 5, 5, 6, 8, 9, 9]
1: 1202: [0, 0, 1, 3, 4, 7, 9]
1: 1567: [0, 0, 0, 0, 3, 3, 4, 4, 4, 5, 5, 6, 6, 7, 7, 8, 9, 9]
1: 9035: [1, 2, 4, 5, 7, 8, 8, 8]
1: 3529: [0, 1, 1, 1, 2, 2, 3, 4, 6, 6, 6, 7, 7, 8, 9, 9, 9]
1: 386: [3, 3]
1: 8178: [0, 0, 1, 1, 2, 2, 4, 5, 6, 6, 7]
1: 9812: [0, 0, 1, 1, 2, 3, 3, 4, 5, 6, 7, 9]
1: 3897: [0, 1, 1, 2, 3, 3, 3, 3, 3, 3, 4, 4, 4, 4, 4, 5, 5, 6, 6, 6, 7, 7, 7, 8, 8, 8, 8, 9, 9]
1: 7886: [0, 3, 3, 4, 5, 5, 5, 5, 6, 6, 7, 7, 8, 9]
1: 1516: [2, 2, 2, 3, 4, 6]
1: 2759: [0, 0, 0, 1, 1, 1, 1, 2, 4, 4, 5, 7, 7, 7, 8]
1: 3840: [0, 1, 2, 3, 3, 4, 4, 6, 7, 8, 8, 8, 8, 9]
1: 1021: [1]
1: 8870: [1, 1, 1, 1, 2, 2, 2, 2, 2, 2, 4, 4, 4, 5, 5, 5, 5, 6, 6, 6, 6, 6, 7, 7, 8, 8, 9, 9]
1: 469: [1, 1, 1, 4, 4, 5, 5, 5, 6, 7, 7, 8, 9]
1: 767: [1, 1, 1, 2, 2, 2, 2, 2, 2, 3, 3, 4, 4, 5, 5, 5, 6, 6, 6, 8, 8, 8, 8]
1: 9384: [4, 4, 6]
1: 7356: [0, 0, 2, 2, 2, 3, 3, 3, 4, 5, 5, 5, 5, 5, 6, 6, 6, 7, 7, 7, 8, 9, 9]
1: 8989: [0, 2, 2, 3, 3, 3, 3, 3, 4, 5, 6, 6, 7, 7, 9]
1: 740: [0, 0, 1, 2, 2, 2, 3, 3, 4, 4, 4, 5, 5, 5, 5, 6, 6, 6, 7, 8, 8]
1: 1814: [1, 1, 2, 2, 3, 5, 9, 9]
1: 1497: [0, 0, 1, 1, 2, 2, 2, 3, 4, 4, 4, 5, 6, 6, 6, 7, 9, 9]
1: 1916: [2, 4, 4, 5, 7, 8, 8, 9, 9]
1: 2665: [0, 5, 6, 7, 8, 8, 9]
1: 6182: [1, 2, 2, 2, 2, 3, 4, 4, 4, 7, 7, 7, 9, 9]
1: 6252: [0, 0, 0, 0, 0, 1, 1, 2, 3, 4, 5, 5, 5, 6, 6, 6, 6, 7, 7, 7, 7, 8, 9]
1: 881: [0, 1, 2, 3, 3, 6, 7, 8, 8, 9]
1: 7763: [0, 0, 0, 1, 1, 1, 1, 2, 3, 4, 6, 6, 6, 6, 6, 6, 7, 7, 8, 8, 8, 9]
0: 8669: [5, 9]
1: 6851: [0, 1, 1, 1, 1, 1, 4, 5, 5, 6, 7, 7, 7, 7, 8, 8, 9, 9]
1: 6053: [2, 4, 4, 5, 5, 7, 7, 8, 8, 9, 9]
1: 3607: [0, 0, 1, 1, 1, 2, 2, 2, 3, 3, 5, 5, 7, 8, 8, 9]
1: 668: [0, 1, 2, 3, 3, 3, 4, 4, 4, 5, 5, 6, 6, 7, 9, 9, 9]
1: 6700: [0, 1, 1, 2, 2, 3, 3, 3, 4, 5, 5, 6, 6, 7, 8, 9]
1: 9430: [0, 0, 0, 0, 0, 0, 1, 1, 1, 2, 2, 4, 4, 5, 5, 5, 7, 7, 7, 8, 8, 8, 8, 8, 9]
1: 7820: [1, 1, 2, 4, 5, 5, 6, 7, 7, 9]
1: 9080: [0, 0, 0, 1, 1, 1, 2, 2, 3, 3, 3, 5, 5, 6, 9]
1: 1613: [2, 3, 3, 4, 5, 6, 6, 7, 7]
1: 514: [7]
1: 1300: [0, 0, 0, 0, 0, 1, 1, 2, 2, 2, 2, 2, 4, 4, 4, 4, 4, 4, 5, 5, 5, 5, 5, 6, 8, 8, 8, 9, 9, 9]
1: 4380: [0, 0, 0, 1, 2, 3, 3, 3, 4, 4, 4, 4, 4, 4, 5, 6, 6, 6, 6, 6, 6, 7, 7, 7, 7, 7, 9, 9, 9]
1: 7863: [0, 1, 2, 2, 4, 5, 6, 6, 6, 6, 7, 7, 7, 7, 7, 8, 8, 9, 9, 9]
1: 5828: [0, 0, 0, 0, 4, 4, 4, 5, 5, 5, 5, 6, 6, 7, 7, 7, 8, 8, 9]
1: 5786: [1, 2, 2, 3, 3, 4, 5, 5, 6, 6, 6, 7, 7, 8, 9, 9]
1: 2158: [0, 0, 0, 2, 2, 2, 2, 3, 3, 3, 3, 4, 5, 6, 7, 7, 8, 8, 8, 8, 8, 8, 9, 9]
1: 5145: [0, 0, 0, 0, 0, 0, 0, 1, 1, 1, 1, 1, 2, 2, 3, 3, 4, 4, 4, 5, 5, 6, 6, 7, 7, 8, 8, 8, 8, 9]
1: 6294: [2, 3, 3, 3, 4, 7, 7, 9]
1: 5238: [1, 2, 2, 8]
1: 1664: [0, 0, 0, 0, 1, 1, 1, 1, 2, 2, 3, 4, 4, 4, 4, 4, 4, 5, 5, 6, 6, 7, 7, 7, 7, 8, 8, 8]
1: 4805: [0, 0, 0, 1, 2, 2, 2, 2, 2, 3, 4, 5, 5, 5, 5, 5, 6, 6, 7, 7, 7, 7, 8, 9, 9, 9]
1: 9523: [0, 0, 1, 1, 1, 2, 3, 3, 4, 4, 4, 5, 5, 6, 7, 7, 8, 8, 8, 9]
1: 6195: [0, 0, 0, 2, 2, 3, 3, 3, 3, 4, 4, 5, 7, 8, 9, 9]
1: 506: [0, 0, 0, 0, 0, 1, 1, 2, 3, 4, 4, 5, 5, 5, 5, 5, 6, 8, 8, 9, 9, 9]
1: 1172: [0, 2, 2, 7]
1: 1712: [1, 5]
1: 6039: [0, 0, 0, 0, 0, 1, 1, 2, 2, 2, 2, 3, 3, 3, 3, 3, 4, 4, 5, 5, 5, 6, 6, 8, 8, 8, 9, 9, 9]
1: 1303: [0, 0, 0, 0, 0, 0, 1, 1, 1, 1, 2, 2, 2, 2, 2, 2, 3, 3, 4, 4, 4, 4, 4, 4, 5, 5, 5, 8, 9, 9]
1: 4005: [1, 8, 9]
1: 2101: [0, 1, 1, 2, 2, 2, 3, 3, 4, 4, 5, 5, 5, 6, 6, 6, 7, 7, 8, 9, 9, 9, 9]
1: 8823: [0, 2, 2, 4, 4, 4, 6, 8, 9, 9]
1: 8942: [0, 0, 0, 1, 1, 2, 4, 5, 5, 5, 6, 6, 7, 7, 7, 7, 8, 8, 8, 9, 9]
1: 1822: [0, 0, 0, 1, 2, 2, 2, 3, 3, 4, 5, 6, 7, 7, 9, 9]
1: 5759: [0, 0, 0, 0, 2, 3, 6, 6, 6, 6, 7, 7, 8, 8, 9, 9, 9]
1: 4002: [0, 1, 1, 1, 2, 3, 3, 4, 4, 4, 4, 5, 5, 7, 7, 8, 9, 9, 9]
1: 4716: [4, 4, 5, 6]
1: 1873: [0, 0, 0, 0, 1, 1, 1, 2, 2, 3, 3, 4, 4, 4, 4, 4, 5, 5, 7, 7, 8, 8, 9, 9, 9, 9]
1: 9938: [0, 0, 1, 1, 1, 1, 1, 1, 2, 3, 3, 3, 5, 5, 5, 6, 6, 7, 7, 8, 8, 8, 8, 8, 9, 9, 9]
1: 1380: [1, 1, 1, 1, 1, 2, 2, 3, 3, 3, 4, 5, 5, 5, 5, 6, 6, 6, 6, 7, 7, 7, 8, 8, 8, 9, 9, 9, 9, 9]
1: 4642: [1, 1, 2, 2, 2, 4, 5, 5, 6, 6, 6, 6, 8, 9, 9, 9]
1: 1441: [1, 1, 3, 4, 5, 6, 7, 8, 8, 8, 9, 9, 9]
1: 611: [0, 0, 0, 0, 1, 1, 1, 1, 2, 2, 3, 3, 4, 4, 5, 6, 6, 6, 6, 7, 7, 7, 7, 7, 8, 8, 9, 9, 9]
1: 3806: [0, 0, 0, 0, 1, 1, 2, 2, 3, 3, 3, 3, 4, 4, 5, 5, 6, 6, 6, 7, 7, 7, 7, 8, 8, 9, 9]
1: 3427: [0, 0, 0, 0, 0, 1, 1, 1, 2, 3, 3, 3, 3, 3, 4, 4, 4, 4, 5, 5, 5, 6, 6, 7, 8, 8, 9, 9, 9, 9]
1: 1226: [0, 0, 0, 0, 1, 1, 2, 3, 3, 4, 4, 4, 4, 4, 5, 5, 5, 5, 5, 5, 6, 6, 6, 7, 7, 7, 9, 9, 9, 9]
1: 8133: [3, 7, 7]
1: 5231: [0, 0, 0, 1, 1, 2, 2, 3, 3, 4, 4, 6, 6, 7, 7, 7, 7, 8, 8, 9]
1: 646: [0, 0, 1, 2, 2, 2, 4, 4, 4, 4, 6, 7, 7, 8, 8, 9, 9]
1: 4192: [1, 2, 4, 8, 8]
1: 517: [0, 1, 1, 1, 2, 2, 2, 3, 5, 6, 6, 6, 7, 8, 8, 9, 9]
1: 3669: [0, 1, 2, 2, 2, 2, 2, 3, 3, 3, 3, 4, 4, 5, 5, 5, 6, 6, 7, 7, 7, 7, 8, 9, 9, 9]
1: 2001: [1, 1, 4, 6, 7]
1: 8860: [0, 0, 0, 0, 2, 2, 3, 3, 3, 4, 4, 4, 5, 5, 5, 6, 6, 7, 7, 7, 8, 8, 9]
1: 288: [1]
1: 4385: [0, 1, 3, 4]
1: 4353: [0, 0, 0, 0, 1, 2, 2, 4, 5, 6, 7, 7, 7, 8, 9]
1: 7382: [0, 0, 0, 0, 0, 1, 3, 3, 3, 3, 4, 5, 6, 6, 6, 6, 7, 8, 8, 8, 8, 8, 9, 9]
1: 8360: [0, 0, 1, 1, 2, 3, 3, 3, 3, 4, 4, 4, 5, 6, 6, 7, 7, 8, 8, 9]
1: 6359: [2, 2, 4, 5]
1: 5798: [0, 2, 7]
1: 9822: [0, 1, 1, 1, 2, 2, 2, 3, 3, 5, 5, 5, 5, 6, 6, 7, 7, 7, 7, 8, 9, 9]
1: 4266: [0, 0, 0, 0, 0, 1, 1, 1, 3, 3, 3, 3, 3, 3, 4, 4, 4, 4, 5, 5, 7, 7, 7, 7, 8, 8, 8, 9, 9, 9]
1: 7682: [0, 0, 1, 1, 2, 2, 2, 2, 3, 4, 4, 4, 4, 4, 5, 6, 6, 6, 6, 7, 7, 7, 7, 7, 8, 8, 8, 8, 9, 9]
1: 4057: [0, 3, 3, 7, 7, 8]
1: 8636: [1, 1, 2, 3, 3, 3, 3, 3, 5, 6, 6, 7, 7, 7, 7, 8, 8, 8, 9, 9]
1: 1893: [0, 3, 3, 3, 3, 4, 4, 4, 5, 5, 5, 6, 7, 9, 9, 9]
1: 8524: [0, 2, 4, 5, 6, 6, 6, 7, 7, 7, 8, 9]
1: 6231: [0, 0, 0, 1, 1, 1, 1, 2, 2, 2, 2, 3, 3, 3, 3, 3, 3, 4, 5, 5, 5, 6, 6, 6, 6, 6, 7]
1: 2231: [1, 1, 2, 2, 3, 3, 4, 4, 4, 5, 5, 5, 6, 6, 6, 6, 7, 8, 8, 8, 8, 9]
1: 7498: [1, 2, 3, 3, 3, 3, 3, 4, 4, 4, 4, 4, 5, 5, 7, 8, 8, 9, 9]
1: 8347: [0, 1, 1, 1, 2, 2, 3, 3, 4, 4, 4, 4, 4, 4, 4, 5, 5, 6, 6, 6, 7, 7, 8, 8, 8, 9, 9, 9]
1: 9290: [0, 0, 1, 2, 2, 2, 2, 3, 4, 4, 4, 5, 5, 5, 5, 5, 6, 7, 8, 8, 9, 9, 9]
1: 46: [0, 1, 2, 2, 3, 3, 5, 6, 6, 6, 7, 7, 8, 8, 8, 8, 9, 9]
1: 4356: [0, 2, 6, 7]
1: 597: [1, 5, 7]
1: 2489: [0, 0, 1, 1, 2, 2, 2, 2, 2, 3, 3, 4, 4, 4, 4, 5, 5, 5, 5, 6, 6, 7, 7, 7, 7, 8, 8, 9, 9, 9]
1: 3214: [1, 1, 1, 2, 3, 4, 4, 4, 5, 5, 5, 6, 6, 7, 7, 7, 9, 9, 9]
1: 2994: [0, 0, 1, 1, 2, 2, 2, 2, 3, 3, 4, 4, 5, 5, 5, 5, 6, 6, 6, 7, 7, 7, 7, 7, 8, 8, 9, 9, 9]
1: 8400: [0, 0, 1, 1, 1, 2, 3, 3, 3, 4, 4, 5, 5, 6, 7, 7, 7, 7, 8, 8, 8, 8, 8, 8, 9, 9]
1: 1243: [0, 0, 1, 1, 1, 1, 1, 1, 1, 2, 3, 3, 4, 4, 5, 5, 7, 7, 7, 8, 8, 9, 9, 9]
1: 3091: [0, 0, 0, 0, 0, 1, 2, 2, 2, 3, 4, 5, 5, 5, 6, 6, 7, 7, 7, 7, 7, 8, 8, 8, 9, 9, 9]
1: 8991: [0, 0, 1, 1, 1, 1, 1, 1, 1, 2, 3, 3, 3, 4, 4, 5, 6, 7, 7, 8, 9, 9, 9]
1: 3048: [3, 4, 7]
1: 7392: [0, 0, 0, 1, 1, 3, 3, 3, 5, 5, 5, 5, 5, 5, 5, 6, 7, 7, 7, 7, 8, 8, 8, 9, 9, 9, 9]
1: 9727: [0, 1, 1, 2, 2, 2, 2, 2, 3, 4, 4, 4, 4, 5, 5, 6, 6, 6, 7, 7, 8, 8, 9]
1: 7617: [0, 0, 0, 1, 1, 3, 3, 4, 4, 4, 4, 5, 5, 5, 6, 6, 6, 7, 7, 9, 9, 9]
1: 8295: [2, 3, 4]
1: 7654: [5, 9]
1: 6317: [7, 7]
1: 2626: [7, 7, 8, 8, 9]
1: 9456: [0, 0, 1, 1, 1, 1, 1, 1, 2, 2, 2, 3, 3, 3, 3, 4, 5, 5, 6, 6, 6, 7, 7, 7, 7, 8, 8, 9, 9]
1: 1962: [0, 0, 0, 2, 2, 2, 2, 2, 3, 3, 3, 3, 4, 5, 6, 7, 7, 8, 9, 9]
1: 8484: [1, 1, 1, 1, 1, 1, 2, 2, 2, 3, 3, 3, 3, 4, 4, 5, 5, 7, 7, 7, 8, 8, 9]
1: 4141: [0, 1, 5, 5, 6, 7, 8, 8, 9]
1: 1155: [0, 0, 2, 2, 2, 3, 3, 3, 3, 3, 3, 3, 3, 4, 4, 4, 5, 5, 5, 6, 6, 9, 9, 9]
1: 7034: [0, 0, 0, 0, 1, 1, 1, 1, 1, 2, 3, 3, 4, 4, 4, 4, 4, 5, 5, 6, 6, 7, 8, 8, 9]
1: 1580: [0, 1, 3, 4, 4, 5, 6, 7, 7, 7, 7, 8, 8, 8, 8, 9, 9, 9]
1: 3001: [0, 0, 1, 2, 3, 3, 3, 4, 5, 6, 6, 6, 7, 7, 7, 7, 8, 8]
1: 6507: [0, 0, 0, 1, 1, 1, 1, 1, 2, 2, 3, 3, 4, 5, 5, 5, 6, 7, 7, 8, 8, 9, 9, 9, 9, 9]
1: 9400: [0, 0, 0, 0, 0, 0, 0, 1, 2, 3, 3, 4, 4, 4, 4, 4, 4, 4, 4, 4, 5, 6, 6, 7, 7, 7, 7, 8, 9]
1: 5691: [0, 0, 1, 1, 1, 1, 1, 2, 2, 3, 3, 3, 4, 4, 4, 5, 5, 7, 8, 8, 9]
1: 9512: [0, 0, 2, 2, 3, 3, 3, 3, 3, 3, 3, 4, 4, 4, 5, 5, 6, 6, 6, 7, 8, 8, 8, 9, 9, 9]
1: 8979: [0, 5, 7, 7, 8]
1: 1869: [1, 2, 2, 3, 3, 3, 5, 6, 6, 7, 7, 8, 9, 9, 9]
1: 4912: [0, 0, 0, 1, 2, 2, 2, 2, 2, 2, 3, 3, 3, 3, 3, 3, 4, 4, 5, 6, 7, 7, 7, 8, 8, 8, 9, 9, 9, 9]
1: 3919: [0, 1, 1, 2, 2, 2, 3, 3, 3, 4, 4, 4, 5, 5, 6, 7, 8, 8, 8, 9]
1: 91: [0, 0, 4, 4, 7]
1: 3056: [0, 0, 1, 2, 2, 4, 5, 5, 6, 7, 7, 8, 9, 9, 9, 9, 9, 9]
1: 7016: [0, 0, 1, 2, 2, 2, 2, 3, 4, 4, 6, 7, 7, 7, 8, 9, 9]
1: 651: [0, 0, 1, 6]
1: 9588: [0, 1, 1, 2, 3, 4, 5, 5, 6, 6, 6, 8, 8, 9, 9]
1: 9465: [0, 0, 0, 0, 0, 0, 1, 2, 3, 5, 5, 5, 6, 7, 7, 9]
1: 257: [0, 0, 0, 1, 2, 2, 2, 2, 2, 3, 3, 3, 4, 5, 6, 7, 7, 7, 8, 9, 9, 9, 9, 9, 9]
1: 3644: [0, 0, 1, 1, 1, 1, 2, 2, 3, 3, 4, 4, 5, 7, 7, 7, 9]
1: 8764: [0, 0, 0, 1, 1, 1, 1, 1, 2, 2, 2, 2, 3, 3, 5, 5, 5, 5, 5, 5, 6, 6, 7, 7, 7, 9]
1: 6304: [2, 3]
1: 1313: [7, 7]
1: 2191: [0, 0, 0, 1, 1, 1, 1, 2, 2, 2, 3, 4, 4, 4, 4, 4, 4, 7, 7, 7, 8, 8, 8, 9, 9, 9, 9]
1: 1557: [0, 1, 1, 1, 1, 2, 2, 2, 2, 3, 3, 3, 5, 5, 6, 7, 7, 7, 8, 8, 9, 9, 9, 9, 9, 9, 9]
1: 3988: [0, 0, 0, 0, 0, 1, 1, 1, 2, 2, 3, 4, 4, 5, 5, 5, 6, 6, 7, 7, 7, 7, 8, 8, 8, 9, 9, 9]
1: 778: [0, 0, 1, 1, 1, 1, 1, 2, 2, 3, 3, 3, 3, 3, 4, 4, 4, 4, 4, 5, 5, 6, 7, 8, 8, 9, 9, 9, 9, 9]
1: 5698: [0, 0, 0, 1, 3, 3, 3, 4, 4, 4, 5, 5, 6, 7, 7, 7, 8, 9, 9, 9]
1: 9421: [0, 1, 2, 2, 3, 3, 4, 4, 5, 5, 5, 5, 6, 6, 6, 7, 7, 7, 7, 7, 7, 7, 8, 8, 8, 8, 9, 9, 9, 9]
1: 3258: [0, 0, 0, 0, 1, 2, 3, 3, 3, 3, 4, 4, 5, 6, 7, 8, 8, 8, 8, 8, 9]
1: 4306: [1, 1, 1, 2, 2, 2, 2, 3, 4, 4, 6, 6, 6, 6, 8, 8]
1: 9631: [0, 0, 0, 0, 0, 1, 1, 1, 2, 2, 2, 2, 3, 4, 4, 5, 5, 5, 6, 6, 6, 6, 6, 6, 7, 7, 7, 7, 8, 9]
1: 1000: [0, 1, 1, 1, 3, 3, 3, 3, 4, 4, 4, 4, 5, 6, 7, 8, 8, 8, 9]
1: 2808: [0, 0, 1, 1, 1, 2, 2, 2, 2, 3, 4, 4, 4, 5, 5, 5, 5, 6, 6, 6, 6, 6, 7, 7, 8, 8, 9, 9, 9, 9]
1: 5037: [0, 1, 1, 2, 2, 3, 3, 4, 5, 6, 6, 6, 7, 7, 9]
1: 9526: [0, 0, 0, 1, 2, 3, 4, 4, 6, 7, 7, 7, 7, 7, 7, 8, 9, 9]
1: 8037: [1, 2, 5, 6, 6, 8, 8, 8, 9, 9, 9, 9]
1: 2972: [1, 3, 3, 8, 8]
1: 1565: [0, 1, 1, 1, 2, 3, 4, 4, 5, 6, 9, 9]
1: 372: [0, 1, 1, 2, 2, 2, 3, 4, 4, 4, 5, 6, 7, 7, 8, 8, 9, 9, 9]
1: 2450: [0, 1, 1, 2, 2, 3, 4, 4, 6, 7, 7, 7, 8, 8, 9]
1: 7645: [2]
1: 6140: [6, 6, 8, 9, 9]
1: 3946: [0, 1, 3, 4, 5, 5, 6, 6, 6, 6, 9]
1: 4572: [0, 2, 3, 4, 5, 5, 6, 6, 9]
1: 6935: [6]
1: 5348: [0, 5]
1: 1210: [0, 1, 1, 2, 2, 3, 3, 3, 3, 4, 4, 4, 4, 4, 4, 5, 5, 6, 7, 7, 8, 8, 9]
1: 1858: [0]
1: 4267: [1, 2, 2, 3, 3, 4, 5, 5, 5, 5, 6, 6, 7, 7, 7, 8, 9, 9]
1: 2106: [0, 1, 2, 2, 2, 3, 3, 4, 4, 4, 5, 5, 5, 5, 6, 6, 7, 7, 7, 7, 8, 8, 8, 9]
1: 3706: [0, 0, 0, 0, 1, 1, 1, 3, 3, 4, 4, 4, 5, 5, 5, 6, 6, 6, 6, 8, 8, 8, 8, 8, 9]
1: 5920: [2, 4, 6, 8, 9]
1: 6395: [0, 0, 0, 1, 1, 1, 2, 2, 3, 3, 3, 4, 5, 5, 6, 6, 6, 8, 8, 8, 8, 8]
1: 928: [5, 8]
1: 1301: [0, 1, 2, 2, 2, 4, 4, 4, 4, 5, 6, 6, 6, 7, 8, 9, 9]
1: 2395: [0, 2, 4, 4, 8, 9]
1: 5505: [0, 0, 2, 6]
1: 8570: [0, 0, 0, 1, 1, 1, 2, 2, 2, 2, 2, 2, 2, 3, 4, 7, 7, 7, 8, 8, 8, 8, 8]
1: 7122: [4, 5, 5, 7, 8, 8, 9]
1: 4333: [0, 1, 2, 2, 3, 3, 3, 4, 5, 5, 5, 5, 6, 6, 6, 7, 7, 7, 8, 8, 9, 9]
1: 6532: [0, 0, 0, 0, 1, 1, 1, 1, 1, 1, 1, 2, 2, 3, 3, 3, 3, 4, 4, 5, 5, 6, 6, 7, 7, 7, 8, 8, 8, 9]
1: 6358: [0, 0, 1, 2, 2, 2, 2, 2, 4, 4, 5, 6, 6, 7, 7, 9, 9, 9]
1: 4494: [0, 0, 0, 1, 2, 2, 2, 2, 2, 3, 3, 3, 3, 3, 3, 4, 5, 5, 5, 6, 6, 6, 7, 7, 8, 8, 8, 9, 9]
1: 2694: [0, 1, 3, 3, 3, 4, 4, 5, 5, 5, 6, 7, 7, 7, 7, 8, 8, 9]
1: 5195: [1, 1, 1, 1, 2, 2, 2, 2, 3, 3, 3, 5, 6, 6, 7, 7, 7, 8, 8, 8, 8, 9, 9, 9, 9, 9, 9]
1: 6406: [5, 6, 9, 9, 9]
1: 8271: [0, 1, 2, 2, 3, 3, 3, 3, 4, 5, 5, 5, 5, 6, 6, 7, 7, 8]
1: 4700: [0, 0, 0, 0, 1, 1, 2, 2, 3, 4, 4, 5, 5, 5, 6, 6, 6, 6, 7, 7, 7, 8, 8, 9, 9, 9, 9]
1: 1177: [2, 5, 9]
1: 2801: [0, 0, 0, 1, 1, 1, 1, 2, 2, 3, 3, 3, 3, 4, 5, 6, 6, 6, 9]
1: 6119: [0, 1, 2, 3, 5, 6, 6, 7, 9, 9]
1: 6514: [2, 2, 4, 4, 5, 6]
1: 3153: [0, 0, 1, 1, 1, 1, 3, 4, 4, 5, 6, 7, 7, 7, 7, 8, 8, 8, 8, 9, 9, 9]
1: 3401: [1, 1, 1, 1, 2, 2, 2, 2, 2, 3, 4, 4, 4, 5, 5, 5, 6, 6, 7, 7, 8, 9, 9, 9, 9, 9, 9, 9]
1: 2577: [0, 1, 1, 2, 3, 4, 5, 6, 6, 6, 7, 7, 8, 8, 8]
1: 5450: [0, 0, 0, 1, 1, 2, 2, 2, 3, 3, 3, 3, 3, 4, 4, 4, 4, 5, 5, 5, 6, 6, 7, 7, 7, 8, 8, 9]
1: 67: [0, 0, 2, 4, 6, 7, 7, 9]
1: 977: [0, 0, 3, 7, 8, 9]
1: 6272: [1, 3, 4, 6, 6, 6, 6, 7, 8, 9, 9]
1: 254: [0, 2, 3, 5, 7]
1: 7234: [0, 0, 1, 1, 1, 2, 2, 4, 4, 4, 6, 6, 7, 7, 7, 8, 8, 9, 9, 9]
1: 3631: [0, 0, 0, 1, 1, 1, 2, 2, 3, 3, 3, 3, 3, 4, 5, 6, 6, 6, 6, 6, 7, 7, 7, 7, 8, 8, 8, 8, 8, 9]
1: 7181: [0, 0, 1, 2, 2, 3, 3, 4, 4, 4, 5, 5, 7, 8, 8, 9, 9, 9]
1: 2435: [0, 0, 0, 3, 3, 3, 5, 6, 7, 7, 7, 7, 7, 7, 8, 8, 8, 8, 9, 9, 9]
1: 4393: [1, 5, 6, 6, 7]
1: 3630: [0, 0, 0, 1, 3, 4, 5, 6, 6, 6, 6, 6, 6, 6, 7, 7, 7, 8, 9]
1: 8379: [0, 0, 1, 1, 2, 2, 3, 3, 4, 4, 5, 5, 7, 7, 7, 8, 8, 9]
1: 4034: [0, 0, 0, 1, 2, 2, 2, 2, 2, 3, 3, 3, 4, 4, 4, 4, 4, 7, 7, 7, 7, 8, 8, 8, 9]
1: 691: [0, 8]
1: 3088: [1, 2, 5, 5, 6, 6, 7, 7, 7, 8]
1: 4537: [0, 0, 1, 1, 1, 1, 2, 3, 4, 4, 5, 6, 7, 8, 8, 8, 8, 9, 9, 9, 9, 9]
1: 1080: [0, 0, 1, 1, 2, 3, 3, 3, 5, 5, 6, 6, 6, 6, 7, 7, 7, 7, 7, 7, 8, 9, 9]
1: 1421: [1, 3, 3, 4, 4, 6, 7, 7, 7, 8, 9, 9, 9]
1: 8877: [3, 7, 9]
1: 2453: [1, 2, 3, 4, 5, 6, 7, 7, 8, 9, 9]
1: 7687: [0, 0, 0, 0, 2, 2, 2, 2, 3, 3, 3, 4, 4, 4, 5, 5, 5, 6, 7, 7, 7, 7, 8, 8, 9]
1: 7557: [0, 1, 1, 2, 2, 3, 4, 4, 5, 6]
1: 6424: [4]
1: 5520: [0, 0, 0, 1, 1, 1, 3, 4, 5, 5, 6, 8, 9, 9]
1: 9051: [0, 2, 2, 3, 3, 4, 4, 4, 4, 6, 7, 7, 9, 9]
1: 1234: [1, 3, 4, 5, 6]
1: 8680: [0, 0, 0, 1, 1, 1, 2, 3, 4, 5, 5, 5, 5, 6, 6, 6, 6, 7, 7, 8, 8, 8, 9, 9, 9, 9]
1: 2137: [0, 0, 1, 2, 3, 4, 4, 4, 5, 6, 6, 7]
1: 9839: [0, 0, 1, 1, 3, 3, 4, 4, 4, 4, 5, 6, 6, 7, 7, 8, 8, 8, 9, 9]
1: 2588: [0, 0, 0, 0, 2, 3, 4, 4, 5, 5, 5, 6, 8, 9]
1: 567: [1, 2, 4, 7, 9, 9]
1: 7274: [0, 1, 3, 4, 4, 4, 6, 7, 8, 9]
1: 965: [0, 2, 3, 3, 6, 7, 8]
1: 3718: [0, 3, 7, 7, 8, 8, 9]
1: 1940: [0, 0, 0, 1, 2, 2, 3, 3, 3, 3, 3, 3, 4, 4, 4, 5, 5, 5, 6, 7, 7, 7, 8, 8, 8, 9, 9, 9, 9, 9]
1: 3300: [0, 1, 1, 3, 4, 4, 5, 5, 6, 6, 6, 6, 6, 7, 7, 7, 8, 9, 9, 9]
1: 7393: [0, 1, 1, 3, 3, 5, 5, 6, 8, 9]
1: 542: [0, 1, 1, 1, 2, 2, 2, 3, 4, 6, 6, 6, 7, 8, 8, 8, 9]
1: 5096: [0, 0, 0, 1, 2, 2, 2, 2, 3, 3, 3, 4, 4, 4, 4, 5, 6, 6, 6, 7, 7, 7, 7, 7, 8, 8, 8, 9]
1: 7673: [0, 0, 1, 1, 1, 1, 1, 2, 2, 2, 4, 4, 5, 5, 6, 6, 6, 7, 7, 8, 8, 8, 9, 9, 9, 9]
1: 6448: [0, 0, 1, 1, 1, 2, 2, 3, 3, 3, 3, 4, 4, 5, 5, 5, 5, 6, 6, 7, 8, 8, 8, 8, 9, 9, 9, 9, 9]
1: 3871: [0, 0, 1, 1, 2, 3, 3, 4, 4, 6, 7, 8, 8, 9, 9, 9, 9, 9, 9]
1: 2475: [0, 0, 0, 1, 1, 2, 2, 2, 2, 3, 3, 3, 3, 4, 4, 4, 5, 6, 7, 8, 8, 9]
1: 550: [0, 1, 1, 2, 2, 2, 2, 3, 3, 3, 3, 4, 4, 5, 6, 6, 6, 7, 7, 8, 8, 8, 9, 9, 9]
1: 7146: [0, 0, 1, 1, 1, 2, 2, 3, 3, 4, 4, 4, 4, 5, 6, 7, 7, 7, 7, 7, 7, 8, 8, 8, 9, 9, 9]
1: 5928: [0, 1, 1, 1, 1, 1, 2, 2, 2, 3, 3, 4, 4, 4, 4, 5, 5, 6, 6, 6, 6, 7, 8, 8, 8]
1: 2546: [0, 1, 1, 2, 4, 4, 5, 5, 5, 7, 8, 8, 8, 8]
1: 7574: [0, 0, 1, 1, 2, 2, 3, 4, 5, 7]
1: 1150: [0, 1, 2, 4, 5, 7, 7, 9]
1: 7537: [1, 4, 4, 6, 7]
1: 8683: [5]
1: 8555: [0, 1, 2, 2, 2, 3, 3, 3, 4, 5, 6, 6, 6, 7, 7, 8, 9, 9, 9]
1: 3877: [0, 0, 1, 1, 1, 2, 2, 3, 3, 3, 4, 4, 4, 4, 5, 6, 6, 6, 7, 7, 7, 8, 9, 9, 9, 9]
1: 9394: [1, 2, 2, 2, 4, 4, 5, 6, 7, 8]
1: 4204: [1, 3, 3, 4, 6, 6, 7, 7, 8]
1: 109: [0, 0, 0, 0, 1, 1, 1, 2, 2, 2, 2, 2, 2, 2, 3, 3, 4, 4, 4, 4, 4, 5, 5, 5, 6, 7, 7, 8, 8, 8]
1: 7249: [0, 1, 3, 3, 4, 4, 5]
1: 967: [0, 1, 2, 3, 3, 3, 4, 4, 5, 7, 7, 7, 9]
1: 3975: [3]
1: 9695: [1, 9, 9]
1: 2310: [0, 1, 2, 2, 2, 3, 4, 5, 6, 6, 6, 6, 7, 7, 8, 9, 9]
1: 1233: [2, 2, 3, 4, 6, 7, 8, 8, 9, 9, 9]
1: 8685: [0, 0, 2, 4, 4, 7, 8, 9, 9]
1: 1267: [0, 0, 0, 1, 2, 3, 3, 3, 6, 8, 8, 9, 9, 9]
1: 4405: [0, 0, 1, 1, 2, 2, 2, 2, 2, 3, 4, 5, 5, 5, 6, 6, 6, 6, 7, 7, 7, 7, 8, 8, 8, 9, 9]
1: 3360: [1, 1, 2, 3, 4, 4, 4, 6, 6, 6, 7, 9]
1: 6352: [0, 1, 2, 2, 3, 3, 5, 8, 8, 8, 9]
1: 1897: [1, 9]
1: 6868: [1, 1, 1, 1, 1, 2, 2, 3, 3, 4, 4, 5, 6, 6, 6, 6, 6, 7, 7, 8, 8, 8, 8, 8, 9, 9]
1: 1586: [0, 0, 1, 1, 1, 1, 3, 3, 3, 4, 4, 5, 5, 5, 6, 7, 7, 7, 8, 9]
1: 6515: [3, 3, 5]
1: 2661: [0, 9]
1: 1230: [1, 1, 3, 3, 5, 5, 6, 7, 8]
1: 342: [2, 4, 4, 4, 8]
1: 5905: [0, 0, 0, 0, 0, 1, 1, 2, 3, 3, 3, 3, 3, 4, 4, 4, 4, 5, 5, 5, 5, 5, 6, 7, 7, 8]
1: 505: [1, 1, 1, 1, 2, 4, 5, 5, 5, 5, 5, 5, 6, 7, 8, 9]
1: 7591: [1, 5, 5, 9]
1: 2933: [0, 2, 3, 3, 4, 4, 4, 5, 5, 6, 6, 7, 7, 8, 9]
1: 5992: [1, 4, 4]
1: 4101: [0, 1, 2, 4, 4, 4, 5, 6, 6, 9]
1: 8622: [0, 0, 1, 2, 2, 2, 2, 3, 5, 6, 7, 7, 7, 8, 9, 9]
1: 2831: [0, 1, 1, 1, 2, 4, 5, 5, 5, 5, 5, 6, 6, 7, 7, 7, 8, 8, 9]
1: 1690: [0, 1, 2, 3, 5, 6, 6, 7, 7, 7, 7, 8, 9]
1: 3020: [0, 0, 0, 0, 2, 3, 5, 5, 5, 6, 6, 6, 7, 7, 7, 7, 7, 8, 8, 9, 9]
1: 155: [0, 0, 0, 0, 2, 2, 2, 2, 2, 4, 5, 5, 6, 7, 7, 7]
1: 3199: [0, 0, 1, 1, 1, 2, 2, 2, 3, 4, 5, 5, 6, 6, 6, 6, 6, 7, 7, 7, 7, 8, 8, 8, 8, 9]
1: 1630: [0, 0, 1, 2, 2, 3, 3, 4, 4, 6, 7, 9]
1: 7884: [1, 1]
1: 6589: [0, 0, 1, 3, 4, 8, 9, 9]
1: 5219: [0, 0, 0, 0, 0, 1, 1, 1, 2, 2, 2, 2, 3, 4, 4, 5, 5, 6, 6, 6, 7, 7, 8, 8, 9, 9, 9, 9]
1: 5679: [1, 1, 2, 3, 3, 3, 4, 4, 4, 5, 5, 5, 5, 6, 7, 8, 8, 9, 9, 9, 9, 9]
1: 4791: [6, 7]
1: 3458: [1, 2, 7]
1: 402: [2]
1: 1718: [0, 0, 0, 0, 0, 0, 0, 2, 2, 2, 2, 2, 3, 3, 3, 3, 4, 4, 5, 6, 6, 7, 8, 8, 8, 8, 8, 9]
1: 6391: [0, 0, 0, 1, 1, 2, 2, 2, 4, 5, 6, 9]
1: 6461: [0, 2, 2, 3, 4, 5, 5, 6, 7, 7, 7, 7, 7, 8]
1: 1688: [3, 3]
1: 2564: [0, 1, 1, 1, 1, 1, 3, 4, 4, 4, 4, 4, 5, 5, 6, 6, 6, 6, 6, 7, 7, 7, 9, 9]
1: 7861: [0, 1, 2, 3, 4, 8, 9]
1: 9925: [0, 0, 0, 1, 1, 2, 3, 3, 4, 4, 5, 5, 5, 7, 8, 8, 8, 8, 8, 8, 9]
1: 774: [0, 0, 1, 1, 3, 3, 3, 4, 5, 7, 7, 8, 9, 9]
1: 1291: [0, 1, 1, 2, 2, 2, 3, 3, 3, 3, 3, 4, 4, 4, 6, 6, 6, 6, 6, 6, 7, 7, 7, 7, 8, 9, 9, 9]
1: 8476: [0, 0, 0, 0, 1, 1, 2, 3, 3, 3, 3, 3, 3, 4, 6, 6, 7, 7, 8, 8, 9, 9]
1: 7286: [0, 0, 0, 1, 1, 1, 1, 1, 2, 2, 3, 4, 4, 4, 4, 5, 5, 6, 6, 7, 7, 7, 7, 8, 8, 8, 8, 9, 9]
1: 3385: [0, 0, 1, 1, 2, 2, 3, 3, 3, 3, 3, 3, 4, 4, 5, 5, 5, 5, 6, 7, 7, 7, 7, 7, 8, 8, 9, 9, 9, 9]
1: 1685: [0, 0, 0, 0, 1, 2, 2, 3, 3, 3, 3, 3, 4, 5, 5, 5, 5, 5, 6, 7, 7, 7, 7, 7, 8, 8, 8, 8, 9, 9]
1: 5862: [2, 4, 7, 8]
1: 235: [1, 2, 2, 3, 3, 3, 3, 3, 3, 4, 4, 5, 5, 5, 5, 5, 6, 6, 6, 6, 8, 9, 9, 9, 9]
1: 8793: [0, 1, 2, 2, 2, 2, 2, 3, 3, 3, 4, 4, 6, 6, 6, 7, 7, 8]
1: 8932: [0, 2, 2, 2, 3, 3, 4, 5, 6, 8]
1: 4835: [0, 0, 0, 0, 0, 1, 1, 2, 4, 4, 4, 5, 6, 7, 7, 8, 8, 8, 8, 9]
1: 1509: [0, 0, 0, 0, 0, 1, 1, 1, 2, 2, 2, 3, 3, 3, 4, 4, 4, 4, 5, 5, 5, 6, 7, 8, 8, 8, 9, 9, 9, 9]
1: 2456: [1, 2, 2, 3, 3, 4, 4, 4, 5, 5, 7, 7, 8, 8]
1: 2776: [0, 0, 0, 0, 0, 0, 1, 1, 2, 3, 3, 3, 4, 4, 4, 5, 5, 5, 6, 6, 7, 8, 8]
1: 2228: [0, 1, 1, 1, 2, 2, 2, 2, 3, 5, 5, 6, 6, 7, 7, 8, 8, 8, 9, 9, 9]
1: 9915: [0, 0, 1, 2, 2, 3, 3, 3, 3, 4, 4, 4, 4, 5, 6, 9, 9]
1: 7439: [2, 3, 5]
1: 1026: [1, 1, 2, 2, 2, 3, 4, 4, 5, 5, 5, 5, 5, 5, 6, 6, 6, 6, 6, 6, 6, 7, 8, 8, 8, 8, 8, 9, 9, 9]
1: 6243: [1, 2, 4, 6, 8]
1: 6150: [0, 0, 0, 0, 1, 2, 2, 3, 4, 4, 5, 5, 8, 8, 9, 9, 9, 9]
1: 6645: [0, 4, 5, 6, 7, 7, 8, 8, 8, 9]
1: 6210: [1, 2, 2, 3, 3, 3, 5, 5, 5, 6, 6, 8]
1: 710: [0, 1, 1, 2, 2, 3, 4, 5, 5, 5, 5, 6, 6, 8, 8, 9]
1: 4351: [0, 0, 1, 1, 2, 2, 3, 3, 3, 3, 3, 4, 4, 5, 5, 6, 6, 7, 7, 7, 8, 8, 9]
1: 5072: [2, 3, 3, 4, 6, 6, 7, 7, 7, 8, 9, 9, 9, 9]
1: 2832: [0, 0, 1, 1, 1, 1, 2, 2, 2, 4, 5, 5, 5, 5, 6, 6, 6, 7, 7, 7, 7, 8, 8, 8, 9, 9]
1: 422: [1, 1, 1, 2, 2, 2, 3, 3, 4, 4, 5, 5, 6, 6, 6, 6, 6, 6, 7, 7, 7, 8, 8, 8, 9, 9]
1: 6677: [0, 0, 1, 1, 1, 2, 2, 3, 3, 4, 4, 4, 5, 5, 5, 6, 7, 7, 7, 7, 7, 8, 8, 8, 8, 9, 9]
1: 6112: [0, 0, 0, 0, 2, 3, 4, 4, 5, 6, 6, 7, 8, 9, 9, 9, 9, 9]
1: 5412: [0, 1, 1, 1, 2, 3, 3, 3, 3, 4, 4, 4, 4, 5, 5, 5, 5, 6, 7, 8, 8]
1: 6081: [0, 0, 1, 2, 3, 3, 3, 3, 4, 4, 4, 5, 5, 5, 5, 5, 6, 6, 7, 8, 8, 9, 9, 9, 9, 9]
1: 9706: [0, 0, 3, 3, 6, 6, 7, 7, 9, 9, 9]
1: 4804: [1, 4, 5, 7, 7, 7, 8, 8, 8, 9]
1: 645: [0, 0, 0, 0, 1, 2, 3, 3, 3, 3, 4, 4, 5, 6, 7, 7, 8, 8, 8, 9, 9]
1: 2565: [0, 1, 1, 1, 2, 3, 3, 4, 4, 4, 4, 5, 6, 6, 7, 7, 7, 7, 8, 8, 8, 8, 8, 9, 9]
1: 546: [0, 4, 5, 5, 6, 7]
1: 1218: [1, 2, 5, 6, 6, 7, 8, 9]
1: 1797: [0, 2, 3, 5, 5, 7, 7, 7, 8]
1: 3039: [0, 1, 2, 4, 4, 4, 6, 6, 7, 8, 8, 8, 8, 9]
1: 9208: [6]
1: 8250: [0, 3, 3, 4, 5, 7, 8, 9, 9]
1: 3099: [0, 1, 1, 1, 1, 2, 2, 3, 3, 3, 3, 4, 4, 5, 5, 5, 5, 5, 6, 6, 7, 7, 7, 7, 8, 9, 9]
1: 850: [0, 3, 4, 4, 6, 7, 9, 9]
1: 4474: [9]
1: 6609: [0, 2, 5, 6, 6, 8, 9, 9]
1: 9744: [2, 5, 7, 9, 9, 9]
1: 3886: [0, 0, 0, 0, 0, 1, 1, 1, 1, 1, 1, 1, 2, 3, 3, 3, 4, 6, 6, 6, 6, 6, 6, 7, 7, 7, 9, 9]
1: 4553: [0, 0, 1, 1, 1, 2, 2, 2, 4, 5, 5, 7, 7, 8, 8]
1: 9180: [1, 1, 1, 2, 3, 3, 4, 4, 4, 4, 5, 5, 6, 6, 6, 7, 7, 7, 7, 8, 8, 9, 9]
1: 3560: [1, 1, 2, 2, 3, 6, 7, 7, 7, 8, 9, 9]
1: 5712: [0, 0, 2, 3, 3, 3, 4, 4, 5, 5, 7, 7, 7, 7, 8, 9, 9, 9]
1: 9645: [0, 0, 0, 0, 1, 1, 1, 1, 1, 2, 2, 3, 5, 5, 5, 5, 6, 6, 6, 7, 7, 8, 8, 8, 8]
1: 7473: [1, 1, 1, 1, 1, 2, 2, 3, 3, 4, 4, 5, 5, 6, 7, 7, 8, 8, 9, 9]
1: 8413: [2, 2, 2, 3, 3, 3, 4, 4, 5, 6, 6, 6, 7, 8, 8, 8, 9]
1: 428: [0, 0, 2, 2, 3, 3, 3, 4, 5, 5, 6, 7, 7, 8]
1: 5458: [0, 0]
1: 9019: [2, 3, 4, 5, 5, 7, 8, 9]
1: 8569: [0, 0, 0, 1, 1, 1, 1, 1, 2, 2, 3, 4, 4, 4, 4, 5, 5, 6, 6, 6, 6, 6, 7, 7, 7, 9]
1: 4764: [0, 1, 2, 3, 3, 3, 4, 5, 6, 7]
1: 2230: [0, 1, 1, 1, 1, 3, 3, 4, 4, 4, 5, 5, 5, 5, 5, 6, 7, 7, 8, 8, 8, 8, 9, 9]
1: 3571: [2, 4, 4, 4]
1: 4312: [0, 0, 0, 2, 2, 2, 3, 3, 4, 4, 5, 5, 6, 7, 7, 7, 8, 9, 9]
1: 1632: [0, 0]
1: 1529: [1, 2, 3, 4, 5, 5, 6, 7, 8]
1: 910: [0, 0, 0, 2, 3, 3, 5, 6, 8, 8, 8, 9, 9]
1: 3793: [0, 0, 1, 1, 1, 2, 2, 2, 3, 3, 3, 3, 3, 4, 5, 5, 5, 5, 5, 6, 6, 6, 6, 7, 7, 8, 8, 9, 9]
1: 6563: [0, 0, 0, 1, 1, 1, 2, 2, 2, 2, 2, 3, 3, 3, 3, 4, 4, 5, 7, 7, 7, 7, 8, 8, 9, 9, 9]
1: 4466: [0, 0, 1, 1, 2, 3, 3, 4, 4, 5, 5, 5, 6, 6, 7, 7, 8, 9]
1: 3736: [0, 2, 2, 3, 4, 4, 5, 6, 7]
1: 1083: [1, 2, 3, 8, 9]
1: 7937: [0, 2, 3, 3, 5, 5, 7, 7, 8, 8, 8, 8]
1: 9525: [0, 1, 2, 2, 2, 2, 4, 5, 6, 6, 6, 7, 8, 9, 9, 9]
1: 3956: [0, 0, 1, 1, 1, 2, 2, 3, 3, 3, 4, 4, 4, 4, 4, 4, 5, 6, 6, 6, 6, 7, 7, 8, 9, 9, 9]
1: 2558: [0, 1, 2, 2, 3, 4, 6, 6, 6, 6, 6, 7, 7, 7, 9, 9, 9]
1: 2111: [1, 1, 1, 1, 2, 3, 4, 4, 5, 6, 7, 7, 8, 9, 9]
1: 9552: [0, 1, 2, 3, 5, 8, 9]
1: 7776: [4, 4, 9]
1: 2355: [0, 3]
1: 9712: [0, 0, 0, 1, 4, 4, 5, 5, 5, 5, 6, 6, 6, 6, 7, 7, 7, 7, 7, 7, 8, 9]
1: 4487: [0, 0, 0, 1, 1, 2, 3, 3, 3, 5, 7, 9]
1: 9841: [0, 0, 0, 2, 3, 3, 4, 5, 5, 6, 7]
1: 9120: [0, 0, 1, 1, 2, 2, 3, 3, 3, 4, 4, 5, 5, 5, 5, 5, 6, 6, 6, 7, 7, 7, 7, 8, 8, 8, 8, 9]
1: 5597: [0, 0, 1, 2, 3, 3, 4, 4, 4, 5, 5, 6, 6, 6, 7, 7, 8, 9, 9, 9, 9]
1: 2467: [5, 7]
1: 5150: [0, 0, 3, 4, 9]
1: 2268: [0, 0, 0, 1, 1, 1, 1, 2, 2, 3, 3, 4, 5, 5, 5, 6, 6, 7, 8, 8, 8, 8, 9, 9, 9]
1: 3775: [1, 3, 3, 5, 9, 9]
1: 6635: [7, 7]
1: 8551: [0, 1, 3, 4, 5, 8, 9]
1: 81: [1, 3, 5, 6, 7, 7, 8, 8, 8]
1: 4897: [1, 1, 2, 5, 6, 6, 7, 8, 8]
1: 4463: [0, 1, 1, 1, 1, 2, 2, 2, 2, 3, 3, 3, 3, 4, 5, 5, 5, 5, 5, 6, 6, 6, 6, 7, 7, 8, 8, 8, 9, 9]
1: 2920: [1, 2, 2, 3, 4, 4, 5]
1: 7340: [0, 0, 0, 1, 1, 1, 1, 2, 2, 2, 3, 3, 4, 4, 4, 5, 5, 5, 6, 6, 6, 6, 7, 8, 8, 8, 9, 9, 9]
1: 4178: [1, 2, 6, 9]
1: 8284: [2, 5, 8]
1: 1572: [1, 2]
1: 570: [0, 0, 0, 0, 1, 2, 2, 2, 2, 3, 3, 3, 3, 4, 4, 4, 4, 5, 5, 5, 6, 6, 6, 9]
1: 1260: [1, 1, 1, 1, 1, 1, 2, 2, 2, 3, 3, 3, 4, 6, 6, 6, 8, 8, 8, 9, 9, 9]
1: 1339: [0, 2, 3]
1: 9375: [0, 2, 3, 5, 5, 6, 8, 8, 8]
1: 9819: [0, 1, 3, 3, 3, 3, 4, 4, 4, 4, 5, 5, 5, 5, 6, 6, 6, 7, 7, 7, 7, 9, 9, 9]
1: 6787: [1, 6, 7]
1: 5055: [1, 1, 1, 2, 4, 5, 6, 7, 7, 7, 8]
1: 5738: [0, 0, 0, 1, 1, 1, 2, 3, 3, 5, 6, 6, 6, 7, 8, 9, 9, 9, 9]
1: 7527: [1, 3, 8]
1: 4090: [0, 0, 1, 1, 1, 1, 2, 2, 3, 4, 5, 5, 5, 6, 6, 7, 7, 9, 9]
1: 5926: [0, 1, 2, 5, 5, 6, 6, 6, 6, 6, 6, 8, 8, 8, 8, 9]
1: 3308: [0, 0, 0, 0, 0, 1, 1, 1, 2, 3, 3, 3, 4, 4, 5, 5, 6, 6, 6, 6, 7, 7, 8, 8, 8]
1: 9469: [0, 1, 3, 4, 5, 5, 5, 6, 8, 8]
1: 9150: [0, 0, 1, 1, 2, 3, 3, 4, 5, 6, 9]
1: 2647: [1, 8]
1: 5498: [0, 1, 2, 2, 2, 2, 3, 3, 3, 3, 4, 4, 4, 5, 5, 5, 6, 7, 7, 7, 7, 8, 8, 8, 9, 9, 9]
1: 6695: [0, 4, 7, 8]
1: 4432: [0, 0, 0, 1, 2, 2, 2, 3, 3, 4, 4, 4, 5, 6, 7, 7, 7, 7, 8, 8, 8, 8, 9]
1: 2161: [1, 2, 4, 4, 5, 5, 6, 6, 7, 8, 9, 9]
1: 7106: [0, 0, 0, 1, 1, 2, 2, 2, 2, 3, 4, 4, 5, 5, 5, 6, 6, 6, 7, 7, 8, 8, 8, 9]
1: 7227: [0, 2, 2, 3, 3, 6, 6, 8, 8]
1: 873: [0, 1, 3, 4, 5, 6, 8]
1: 8053: [0, 0, 0, 0, 0, 1, 1, 1, 1, 2, 2, 2, 4, 5, 5, 5, 7, 7, 7, 7, 8, 8, 8, 8, 9, 9, 9]
1: 2823: [1, 1, 1, 1, 2, 2, 3, 3, 3, 3, 4, 4, 5, 6, 6, 7, 7, 7, 7, 9]
1: 6008: [0, 0, 1, 1, 2, 2, 2, 2, 3, 4, 4, 4, 5, 5, 6, 6, 6, 6, 6, 6, 7, 7, 8, 9, 9, 9, 9]
1: 956: [0, 1, 3, 3, 3, 3, 4, 4, 4, 5, 5, 5, 5, 5, 5, 6, 7, 7, 8, 9, 9]
1: 7568: [0, 1, 1, 1, 2, 2, 5, 7, 8, 9]
1: 2269: [3, 4, 5, 6, 7, 7, 7, 8]
1: 8550: [0, 0, 0, 1, 2, 3, 4, 4, 5, 5, 5, 5, 6, 6, 6, 7, 7, 8, 8, 8, 8, 8, 8, 8, 9, 9, 9]
1: 5565: [0, 0, 0, 0, 0, 2, 3, 3, 3, 3, 4, 5, 6, 6, 6, 7, 8, 8, 8, 8, 8, 9, 9, 9, 9, 9]
1: 8788: [0, 0, 0, 1, 1, 2, 2, 2, 3, 3, 3, 4, 4, 5, 5, 7, 7, 7, 8, 9, 9, 9, 9, 9]
1: 2884: [0, 0, 0, 0, 0, 1, 1, 1, 2, 2, 3, 3, 4, 4, 4, 4, 5, 5, 5, 6, 6, 7, 7, 7, 8, 8, 8, 9, 9]
1: 3358: [0, 0, 1, 1, 2, 2, 3, 4, 4, 5, 5, 6, 6, 7, 7, 8, 9]
1: 1530: [2, 2, 2, 2, 3, 3, 4, 4, 4, 4, 4, 5, 6, 6, 6, 7, 9]
1: 480: [0, 0, 1, 2, 2, 4, 5, 7, 8, 8, 9, 9]
1: 973: [1, 2, 3, 8, 8]
1: 3973: [0, 0, 1, 1, 1, 2, 3, 3, 3, 4, 4, 5, 6, 6, 6, 6, 7, 7, 7, 8, 8]
1: 5009: [0, 2, 3, 4, 5, 6, 6, 6, 7, 8, 8]
1: 3267: [1, 1, 1, 2, 2, 2, 2, 4, 5, 5, 6, 6, 7, 8, 9, 9]
1: 8561: [0, 2, 2, 3, 3, 3, 3, 4, 4, 4, 4, 5, 5, 5, 5, 5, 7, 7, 7, 7, 7, 8, 9, 9, 9, 9]
1: 4328: [0, 0, 1, 2, 2, 3, 3, 4, 4, 4, 4, 5, 5, 5, 6, 8, 8, 9]
1: 5345: [0, 0, 1, 2, 2, 3, 4, 4, 5, 5, 5, 6, 6, 6, 6, 7, 7, 8, 8, 9, 9]
1: 6206: [0, 0, 0, 1, 1, 3, 3, 5, 6, 7, 7, 7, 8, 8, 8]
1: 2999: [2, 4, 8, 9]
1: 804: [0, 0, 1, 2, 3, 4, 5, 5, 6, 7, 7, 7, 7, 9]
1: 141: [0, 0, 1, 1, 2, 2, 2, 3, 3, 3, 4, 4, 4, 4, 4, 5, 6, 6, 8, 8, 8, 9, 9, 9]
1: 1967: [0, 0, 0, 1, 1, 2, 2, 3, 4, 4, 5, 5, 6, 6, 7, 7, 7, 8, 8, 8, 8, 8, 8, 9, 9, 9, 9]
1: 9965: [0, 3, 3, 5, 6, 7]
1: 1968: [0, 1, 2, 2, 2, 2, 3, 3, 4, 4, 5, 6, 6, 6, 7, 7, 8, 8, 8, 8, 9, 9, 9]
1: 7519: [2, 2, 3]
1: 1972: [0, 0, 0, 1, 2, 2, 3, 4, 5, 5, 5, 6, 6, 6, 8, 8, 9]
1: 7665: [0, 0, 1, 1, 1, 3, 3, 3, 4, 4, 4, 5, 5, 5, 7, 9, 9, 9]
1: 7293: [0, 0, 1, 1, 2, 2, 2, 2, 3, 3, 4, 4, 4, 5, 6, 6, 6, 7, 7, 7, 7, 7, 8, 8, 8, 8, 9, 9, 9]
1: 3479: [0, 0, 0, 1, 2, 2, 2, 2, 3, 3, 3, 4, 5, 5, 6, 7, 7, 7, 8, 8, 8, 9]
1: 515: [0, 1, 3, 3, 4, 5]
1: 2791: [1, 1, 1, 3, 4, 4, 4, 5, 5, 7, 7, 7, 7, 7, 8, 8, 8, 8, 9, 9, 9]
1: 8770: [0, 0, 0, 1, 1, 1, 1, 1, 2, 2, 3, 3, 3, 4, 5, 5, 7, 7, 7, 8, 8, 8, 8, 9]
1: 9198: [0, 0, 3, 5]
1: 9256: [1, 2, 2, 2, 2, 3, 5, 7, 8, 9]
1: 238: [0, 0, 0, 0, 1, 1, 1, 2, 2, 2, 3, 3, 3, 4, 4, 5, 7, 7, 9, 9, 9, 9, 9, 9]
1: 1189: [0, 0, 2, 3, 3, 4, 4, 4, 4, 4, 5, 5, 5, 5, 6, 6, 6, 6, 7, 7, 7, 7, 8, 8, 9, 9, 9]
1: 5232: [0, 0, 0, 1, 1, 2, 2, 3, 4, 4, 5, 5, 6, 7, 8, 8, 8, 9]
1: 1031: [6, 9]
1: 9402: [0, 0, 1, 1, 2, 2, 2, 2, 2, 3, 3, 3, 4, 4, 4, 6, 6, 7, 7, 7, 8, 8, 8, 9, 9]
1: 7177: [1, 2, 2, 3, 3, 4, 5, 5, 6, 7, 7, 7, 7, 7, 8, 8, 8, 8, 9, 9]
1: 1472: [0, 0, 1, 1, 1, 1, 2, 2, 2, 4, 4, 4, 4, 5, 5, 5, 6, 7, 8, 8, 9, 9, 9, 9]
1: 4567: [2]
1: 6113: [0, 1, 4, 5, 7]
1: 8786: [0, 0, 0, 0, 0, 0, 1, 1, 1, 2, 2, 2, 2, 3, 3, 3, 3, 3, 4, 4, 5, 6, 6, 7, 7, 7, 8, 8, 9]
1: 2490: [0, 0, 0, 1, 1, 2, 3, 4, 4, 4, 5, 7, 7, 8, 8]
1: 3728: [0, 1, 1, 1, 2, 2, 3, 4, 4, 4, 5, 5, 6, 6, 7, 7, 8, 8, 8]
1: 1212: [0, 2, 2, 5, 8]
1: 4812: [3]
1: 6740: [3, 7, 7]
1: 5672: [0, 2, 2, 2, 3, 3, 3, 3, 4, 5, 5, 6, 7, 8]
1: 6619: [0, 0, 0, 1, 1, 3, 3, 4, 4, 4, 4, 4, 4, 4, 5, 5, 5, 5, 5, 6, 7, 8, 8, 8, 9, 9, 9, 9, 9, 9]
1: 8572: [0, 0, 1, 1, 1, 2, 2, 2, 3, 3, 3, 3, 3, 5, 5, 5, 6, 6, 7, 7, 7, 7, 8, 9, 9]
1: 1887: [0, 6]
1: 1050: [1, 2, 2, 2, 2, 2, 3, 3, 3, 3, 3, 4, 4, 4, 4, 4, 5, 6, 7, 7, 7, 8, 8, 9, 9, 9, 9, 9]
1: 6896: [0, 1, 1, 1, 3, 6, 6, 7, 8, 9, 9]
1: 8294: [0, 0, 0, 0, 1, 2, 2, 2, 3, 4, 4, 4, 5, 5, 6, 6, 7, 7, 8, 8, 8]
1: 3321: [1, 4, 9]
1: 8907: [2, 3, 3, 3, 5, 5, 6, 7, 8, 9]
1: 5439: [0, 0, 1, 1, 1, 2, 2, 2, 3, 3, 3, 3, 4, 6, 6, 6, 7, 7, 7, 8, 8, 8, 9, 9, 9, 9, 9]
1: 1578: [1, 4, 4, 5, 7, 7, 8, 8]
1: 8258: [0, 1, 2, 2, 3, 3, 3, 4, 5, 5, 6, 6, 7, 8, 8, 9, 9, 9, 9, 9]
1: 1734: [0, 0, 0, 1, 2, 2, 2, 3, 3, 3, 3, 4, 5, 7, 8, 9, 9]
1: 8829: [0, 1, 4, 4, 4, 4, 4, 5, 5, 5, 6, 6, 6, 6, 7, 7, 7, 8, 9, 9, 9, 9]
1: 1376: [0, 0, 1, 1, 2, 2, 3, 3, 3, 5, 5, 8, 9]
1: 9149: [2, 3, 3, 4, 9]
1: 9532: [3, 5, 7, 8, 8]
1: 7953: [0, 1, 2, 3, 4, 4, 4, 5, 6, 6, 7, 7, 7, 7, 8, 8, 8, 8, 8, 9, 9, 9]
1: 1762: [8, 9]
1: 8840: [0, 0, 0, 0, 0, 1, 1, 1, 2, 2, 3, 5, 5, 6, 7, 7, 7, 9]
1: 4620: [2, 5, 7, 7, 9]
1: 3739: [1, 3, 3, 4, 6, 6, 9]
1: 7721: [1, 1, 2, 2, 3, 3, 3, 3, 4, 5, 5, 6, 7, 9]
1: 9449: [1, 3, 4, 5, 6, 9]
1: 7359: [0, 0, 1, 1, 1, 1, 1, 1, 1, 2, 3, 3, 3, 3, 3, 4, 4, 4, 5, 5, 6, 7, 7, 7, 8, 8, 9]
1: 8291: [0, 0, 0, 0, 1, 2, 3, 3, 3, 4, 5, 5, 5, 7, 8, 8, 8]
1: 8445: [0, 0, 1, 1, 1, 1, 1, 1, 2, 2, 4, 4, 4, 5, 6, 6, 6, 6, 6, 6, 7, 7, 7, 7, 7, 8, 8, 8, 8]
1: 2012: [0, 1, 1, 2, 3, 3, 4, 4, 4, 5, 5, 6, 9]
1: 9183: [1, 2, 2, 3, 3, 4, 4, 5, 5, 5, 6, 8, 8, 9, 9, 9]
1: 8589: [1, 2, 2, 2, 3, 3, 4, 4, 4, 4, 6, 6, 7, 7, 8]
1: 4028: [0, 0, 0, 0, 1, 1, 1, 2, 4, 4, 4, 5, 5, 5, 5, 5, 6, 7, 7, 7, 8, 9]
1: 7467: [0, 2, 2, 3, 5, 7, 8, 8, 8]
1: 1881: [1, 2, 3, 5, 8, 8, 8, 8, 9, 9, 9, 9]
1: 1920: [0, 0, 0, 0, 0, 1, 1, 2, 2, 2, 2, 3, 3, 4, 4, 5, 5, 5, 6, 6, 6, 7, 7, 7, 8, 8, 8, 9, 9]
1: 9396: [0, 0, 0, 0, 0, 1, 1, 1, 2, 4, 4, 4, 4, 5, 5, 5, 5, 6, 6, 7, 8, 8, 9, 9]
1: 7711: [0, 0, 0, 0, 0, 1, 1, 2, 3, 3, 3, 3, 5, 5, 5, 5, 6, 6, 6, 7, 7, 7, 7, 8, 8, 8]
1: 3688: [0, 0, 1, 1, 1, 2, 2, 3, 3, 3, 3, 3, 3, 4, 4, 4, 4, 5, 5, 6, 6, 7, 7, 7, 8, 8, 8, 9, 9]
1: 8838: [3, 3, 5, 8, 9, 9]
1: 3754: [0, 7]
1: 3415: [1, 1, 2, 3, 4, 4, 5, 7, 8]
1: 4526: [0, 0, 0, 1, 1, 2, 2, 3, 3, 3, 3, 4, 4, 5, 6, 7, 7, 9, 9]
1: 5994: [2, 4, 7]
1: 5600: [0, 5, 6]
1: 7027: [0, 0, 0, 1, 3, 4, 6, 7, 7, 8, 9, 9]
1: 912: [1, 1, 1, 3, 3, 4, 4, 4, 4, 4, 7, 7, 8, 8, 9, 9, 9, 9, 9, 9]
1: 3848: [0, 0, 0, 1, 1, 2, 2, 2, 2, 4, 4, 4, 5, 5, 5, 5, 6, 7, 8, 8, 8]
1: 8950: [0, 0, 0, 1, 2, 2, 3, 3, 4, 6, 6, 7, 7, 7, 8, 9, 9, 9, 9]
1: 9511: [0, 0, 1, 1, 2, 3, 3, 3, 3, 4, 4, 5, 6, 6, 8, 8, 9, 9]
1: 8575: [0, 0, 1, 1, 1, 1, 1, 1, 1, 2, 3, 4, 4, 4, 4, 4, 5, 5, 6, 6, 6, 6, 7, 7, 9]
1: 3924: [0, 1, 1, 2, 2, 3, 3, 3, 3, 4, 4, 4, 4, 5, 6, 6, 8, 8, 9, 9]
1: 8106: [0, 1, 2, 2, 2, 3, 3, 4, 4, 5, 5, 6, 6, 7, 7, 7, 8, 8, 9]
1: 97: [0, 0, 0, 1, 1, 2, 2, 2, 2, 3, 4, 6, 7, 8, 8, 8]
1: 4979: [0, 0, 1, 1, 1, 1, 2, 2, 3, 3, 3, 4, 4, 5, 5, 5, 6, 6, 6, 6, 7, 7, 8, 8, 9, 9, 9, 9, 9]
1: 7986: [1, 2, 4, 5, 6, 6, 7, 7, 9, 9]
1: 866: [0, 0, 0, 1, 1, 2, 3, 4, 5, 5, 6, 6, 7, 8, 8, 9, 9, 9]
1: 5846: [1, 4, 4, 8, 8, 9]
1: 6386: [0, 0, 1, 3, 9]
1: 6927: [1, 1, 1, 2, 3, 3, 3, 3, 3, 4, 4, 4, 4, 5, 5, 6, 6, 7, 7, 7, 7, 7, 8, 9]
1: 6839: [0, 3, 4, 5, 5, 6, 7, 7, 7, 7, 7, 7, 8, 8, 8, 9, 9]
1: 8025: [1, 3, 3, 5, 5, 6, 9]
1: 8255: [0, 0, 0, 1, 1, 2, 2, 3, 3, 4, 4, 5, 5, 5, 5, 6, 6, 7, 7, 8, 8, 8, 9, 9, 9, 9]
1: 9975: [0, 0, 0, 1, 1, 2, 2, 3, 3, 5, 5, 6, 6, 7, 7, 7, 8, 8, 8, 8, 8, 9, 9, 9]
1: 5528: [0, 0, 1, 1, 1, 2, 3, 3, 4, 4, 5, 5, 5, 5, 5, 6, 7, 7, 8, 8, 9]
1: 3724: [0, 0, 1, 1, 1, 1, 1, 1, 2, 3, 3, 3, 3, 3, 4, 4, 5, 5, 6, 6, 7, 7, 7, 8, 8, 9, 9, 9]
1: 6856: [1, 1, 2, 2, 2, 3, 3, 4, 5, 7, 7, 9, 9]
1: 3751: [0, 1, 2, 2, 2, 3, 5, 5, 6, 7, 8, 9, 9]
1: 7784: [2, 2, 5]
1: 2063: [0, 1, 2, 2, 2, 2, 5, 6, 6, 6, 6, 7, 7, 7, 7, 8, 8, 8, 8, 9]
1: 6269: [0, 1, 1, 2, 2, 4, 5, 6, 8, 8, 9, 9]
1: 1982: [0, 0, 1, 2, 2, 4, 4, 5, 5, 6, 9, 9]
1: 6097: [0, 0, 0, 0, 2, 2, 3, 4, 4, 4, 4, 4, 5, 5, 5, 6, 6, 8, 9, 9, 9]
1: 3403: [0, 2, 2, 3, 4, 5, 6, 7, 7]
1: 5247: [0, 0, 0, 1, 1, 1, 1, 1, 1, 2, 3, 3, 4, 4, 5, 5, 5, 6, 6, 7, 7, 7, 8, 8, 8, 9, 9, 9, 9, 9]
1: 3932: [0, 4, 5, 6, 6, 6, 6, 7, 8]
1: 6582: [1, 2, 2, 3, 4, 5, 5, 5, 5, 5, 6, 6, 7, 8, 9]
1: 2864: [0, 0, 1, 2, 3, 3, 3, 4, 4, 5, 6, 7, 8, 9]
1: 6913: [3, 3, 3, 4, 4, 4, 4, 5, 6, 6, 6, 7, 7, 7, 7, 8, 8, 8, 9, 9, 9, 9]
1: 2199: [1, 6, 6, 8]
1: 7522: [0, 1, 1, 2, 2, 3, 4, 4, 6, 6, 7, 8, 8]
1: 5899: [1, 3, 3, 4, 4, 9]
1: 9853: [1, 1, 1, 2, 2, 3, 3, 5, 5, 5, 5, 6, 6, 6, 7, 7, 7, 7, 7, 7, 8, 8, 8, 9, 9, 9, 9, 9]
1: 8726: [0, 0, 1, 1, 1, 1, 1, 1, 1, 1, 2, 3, 3, 3, 3, 3, 3, 3, 4, 5, 5, 5, 6, 6, 7, 7, 8, 8, 9, 9]
1: 7541: [0, 1, 1, 1, 1, 2, 2, 3, 4, 5, 5, 6, 6, 7, 7, 7, 8, 8, 9, 9]
1: 2691: [0, 0, 0, 0, 0, 0, 0, 1, 1, 2, 2, 3, 3, 4, 4, 4, 5, 6, 6, 6, 6, 7, 7, 7, 8, 8, 8, 9]
1: 9632: [0, 1, 2, 3, 4, 4, 4, 6, 7, 7]
1: 2009: [1, 2, 2, 2, 3, 3, 3, 3, 4, 6, 6, 6, 7, 7, 8, 9, 9, 9, 9]
1: 799: [0, 0, 1, 5, 5, 8, 8]
1: 9864: [0, 0, 0, 1, 2, 3, 4, 6, 6, 8]
1: 3768: [2]
1: 5599: [1, 3, 3, 4, 4, 4, 5, 7, 7, 7, 8, 9]
1: 6422: [1, 1, 1, 1, 1, 2, 2, 3, 3, 3, 6, 6, 6, 6, 6, 6, 7, 7, 8, 8, 9, 9]
1: 3448: [0, 0, 1, 1, 2, 4]
1: 5660: [0, 1, 1, 1, 1, 2, 2, 2, 2, 2, 2, 3, 3, 3, 3, 4, 4, 4, 5, 5, 5, 6, 7, 7, 8]
1: 4350: [0, 0, 0, 1, 1, 2, 2, 2, 2, 2, 2, 3, 3, 3, 4, 4, 5, 5, 6, 7, 7, 8, 8, 8, 8, 9, 9, 9]
1: 6614: [0, 0, 1, 1, 2, 2, 3, 3, 3, 3, 3, 4, 8, 8, 8, 8, 9, 9]
1: 3121: [1, 4, 5, 6, 8]
1: 9191: [0, 0, 0, 1, 1, 1, 2, 2, 2, 2, 3, 3, 3, 3, 4, 4, 5, 7, 7, 7, 8, 8, 8, 9, 9, 9]
1: 2020: [0, 0, 0, 0, 0, 1, 1, 1, 1, 2, 2, 2, 2, 3, 3, 4, 4, 4, 4, 5, 5, 5, 6, 6, 6, 7, 7, 8, 9]
1: 8781: [0, 0, 1, 1, 1, 1, 1, 2, 2, 2, 4, 5, 5, 7, 7, 7, 9]
1: 4530: [0, 1, 1, 3, 4, 5, 6, 6, 7, 7, 7, 7, 8, 8, 9]
1: 3691: [0, 1, 1, 1, 2, 2, 3, 3, 4, 4, 4, 4, 4, 5, 5, 6, 6, 7, 8, 8, 8, 9, 9, 9]
1: 9927: [0, 1, 1, 1, 2, 2, 2, 3, 5, 6, 6, 6, 7, 8, 8, 8, 8, 8, 8, 9, 9, 9, 9]
1: 932: [0, 1, 2, 2, 3, 3, 4, 5, 6, 6, 6, 6, 7, 7, 8, 8, 9]
1: 809: [0, 0, 0, 0, 0, 1, 2, 2, 2, 2, 3, 3, 4, 4, 5, 5, 5, 5, 6, 6, 6, 7, 7, 7, 8, 9, 9, 9]
1: 5797: [3, 3, 6, 6, 7, 8, 8]
1: 4290: [0, 0, 1, 1, 2, 3, 3, 3, 3, 3, 3, 3, 4, 4, 5, 5, 5, 7, 7, 7, 8, 8, 8, 8, 8, 8, 8, 9, 9, 9]
1: 2141: [1, 2, 2, 3, 3, 3, 4, 4, 4, 4, 5, 6, 7, 8, 9, 9]
1: 8139: [0, 0, 0, 0, 1, 2, 2, 2, 3, 3, 3, 4, 4, 5, 5, 5, 5, 6, 6, 7, 7, 7, 8, 8, 8, 8, 9, 9, 9, 9]
1: 2462: [0, 0, 0, 1, 1, 1, 2, 4, 4, 5, 5, 5, 5, 5, 6, 6, 7, 8, 9, 9, 9, 9]
1: 4309: [0, 9, 9]
1: 2984: [0, 0, 1, 1, 1, 3, 4, 4, 4, 5, 5, 6, 6, 6, 7, 8, 8, 9, 9, 9, 9, 9]
1: 3257: [0, 0, 0, 0, 0, 1, 1, 1, 2, 2, 2, 2, 3, 4, 4, 4, 4, 5, 5, 5, 6, 6, 7, 7, 9, 9, 9]
1: 4125: [1, 1, 2, 2, 5, 6, 6, 6, 7, 7, 8, 8]
1: 8749: [0, 0, 0, 1, 1, 2, 3, 3, 3, 3, 4, 4, 4, 7, 7, 7, 7, 7, 7, 8, 8]
1: 6354: [0, 1, 1, 3, 4, 5, 9, 9]
1: 6031: [0, 0, 2, 2, 2, 3, 3, 3, 3, 3, 4, 4, 4, 5, 6, 7, 7, 7, 9, 9, 9]
1: 6709: [0, 0, 0, 1, 1, 1, 2, 2, 2, 2, 3, 3, 4, 6, 6, 6, 6, 8, 8, 9, 9, 9, 9]
1: 2365: [0, 0, 0, 0, 1, 2, 2, 2, 3, 3, 4, 4, 4, 5, 6, 6, 7, 8, 8, 8, 8, 8, 9, 9]
1: 1124: [0, 0, 0, 1, 1, 2, 3, 3, 3, 3, 4, 4, 4, 5, 5, 5, 5, 6, 6, 6, 6, 7, 7, 8, 9, 9, 9, 9]
1: 557: [0, 1, 1, 4, 7, 8]
1: 1069: [3, 3, 8]
1: 7118: [1, 2, 2, 5, 5, 6, 6, 6, 8]
1: 2294: [0, 1, 3, 3, 4, 5, 6, 7, 7, 9]
1: 3208: [0, 1, 1, 2, 3, 3, 5, 6, 7, 7, 7, 8, 8, 8, 9, 9, 9, 9, 9, 9]
1: 1790: [1, 1, 1, 2, 5, 7, 9]
1: 5478: [0, 0, 0, 0, 1, 2, 2, 3, 4, 4, 4, 4, 5, 5, 5, 5, 6, 6, 6, 7, 8, 8, 8, 9, 9, 9, 9, 9]
1: 3168: [5, 9, 9, 9, 9]
1: 5473: [5, 6]
1: 2883: [0, 1, 2, 3, 4, 5, 5, 5, 8, 8, 9]
1: 7370: [6]
1: 9592: [1, 1, 3, 3, 4, 5, 6, 8, 9]
1: 6339: [0, 1, 1, 2, 3, 3, 4, 5, 5, 5, 5, 5, 7, 7, 7, 9]
1: 9034: [0, 0, 1, 1, 1, 2, 4, 4, 5, 6, 6, 7, 8, 8, 9, 9]
1: 4241: [0, 2, 2, 2, 2, 2, 3, 4, 4, 4, 5, 5, 8, 8, 8, 9]
1: 959: [0, 1, 3, 4, 4, 7, 7, 9]
1: 2482: [0, 0, 0, 0, 0, 0, 1, 2, 2, 3, 5, 5, 5, 6, 6, 6, 7]
1: 1085: [1, 5, 7, 7, 8, 8, 8, 9, 9]
1: 5336: [0, 0, 1, 1, 1, 1, 2, 3, 3, 3, 4, 4, 4, 6, 6, 6, 7, 7, 7, 8, 9]
1: 4895: [6]
1: 4325: [0, 0, 0, 1, 1, 5, 5, 5, 7, 7]
1: 3916: [7, 8, 8, 9]
1: 1977: [0, 1, 4, 5, 6, 8, 9]
1: 7610: [0, 0, 1, 3, 4, 5, 5, 5, 6, 7, 7, 8, 8, 9, 9, 9, 9]
1: 9968: [0, 0, 1, 2, 2, 2, 6, 7, 7, 8, 8, 9, 9]
1: 290: [1, 2, 5, 6, 7, 8, 9, 9]
1: 8893: [1, 2, 2, 2, 2, 2, 3, 4, 4, 4, 5, 6, 6, 6, 7, 7, 8, 8, 8, 8, 8, 8, 9, 9, 9]
1: 9152: [0, 0, 1, 1, 2, 2, 3, 3, 3, 3, 3, 3, 3, 3, 4, 4, 5, 5, 5, 6, 6, 6, 7, 8, 9, 9, 9]
1: 3813: [7]
1: 5555: [0, 1, 1, 2, 5, 6, 6, 7, 7, 7, 8, 9, 9]
1: 1247: [0, 0, 0, 1, 1, 1, 1, 1, 2, 2, 2, 2, 3, 3, 4, 5, 6, 6, 6, 6, 8, 8, 8, 9, 9, 9, 9]
1: 453: [0, 0, 0, 0, 1, 2, 2, 2, 3, 3, 4, 4, 4, 4, 5, 5, 5, 7, 7, 8, 8, 9, 9]
1: 410: [1, 1, 5, 9]
1: 75: [0, 0, 1, 2, 2, 2, 2, 2, 2, 2, 3, 3, 4, 5, 5, 5, 6, 6, 6, 7, 7, 8, 8, 8, 9]
1: 5987: [0, 1, 1, 1, 2, 3, 3, 3, 5, 5, 6, 7, 7, 7, 8, 9, 9, 9, 9, 9, 9]
1: 2394: [1, 3]
1: 1633: [0, 0, 0, 1, 2, 6, 6, 7, 7, 7, 8, 9, 9, 9]
1: 8519: [0, 0, 1, 1, 3, 3, 5, 6, 6, 7, 9, 9]
1: 8282: [0, 0, 0, 0, 0, 1, 1, 3, 3, 3, 4, 4, 4, 5, 6, 6, 7, 7, 7, 8, 8, 8, 9, 9, 9]
1: 7432: [1, 3, 3, 4, 4, 4, 4, 5, 5, 6, 6, 7, 9, 9]
1: 5102: [0, 1, 1, 2, 2, 2, 3, 3, 4, 5, 7, 8]
1: 8021: [0, 0, 0, 3, 3, 3, 4, 4, 4]
1: 8092: [0, 0, 0, 0, 0, 1, 1, 2, 2, 2, 2, 2, 3, 3, 3, 3, 3, 4, 5, 5, 5, 5, 6, 6, 7, 7, 8, 8, 9, 9]
1: 5737: [5]
1: 5673: [0, 1, 1, 1, 2, 2, 2, 2, 2, 3, 3, 6, 6, 6, 6, 6, 7, 7, 8, 8, 8, 8, 8, 9, 9, 9]
1: 3967: [1, 1, 1, 2, 4, 6, 7, 8, 8, 8, 9]
1: 5288: [0, 2, 2, 2, 2, 4, 5, 5, 5, 6, 8, 8, 9]
1: 7000: [0, 0, 1, 2, 4, 6, 8]
1: 8217: [0, 0, 1, 1, 2, 2, 4, 7, 8, 8, 9]
1: 2795: [5, 8]
1: 6680: [2, 4, 5, 7, 7, 7, 8, 8, 8, 9, 9]
1: 7093: [1, 2, 4, 5, 6, 8, 9]
1: 8041: [2, 3, 3, 3, 5, 7, 8]
1: 4322: [0, 0, 1, 1, 2, 3, 4, 4, 4, 4, 4, 4, 5, 5, 6, 6, 7, 8, 8, 8, 9, 9, 9, 9, 9, 9]
1: 3852: [0, 0, 1, 1, 1, 2, 2, 2, 2, 3, 3, 4, 5, 6, 6, 6, 7, 7, 7, 7, 7, 8, 8, 8, 9]
1: 1584: [0, 3, 4, 5, 7, 8]
1: 5587: [6, 6, 6, 9]
1: 1560: [3, 3, 4, 6, 8, 9]
1: 5437: [1, 1, 2, 2, 2, 3, 3, 3, 4, 4, 4, 4, 5, 6, 6, 7, 7, 9, 9, 9]
1: 2449: [2, 2, 3, 4, 5, 5, 7, 8, 8, 9, 9, 9]
1: 8831: [0, 1, 3, 4, 5, 6, 6, 9, 9, 9]
1: 1322: [3, 3, 6, 8]
1: 3485: [0, 0, 1, 2, 2, 2, 4, 5, 5, 5, 5, 6, 6, 7, 8, 8, 8, 9, 9, 9]
1: 5547: [3, 3, 3]
1: 1771: [0, 0, 1, 1, 1, 1, 1, 2, 3, 5, 5, 5, 5, 6, 6, 7, 7, 7, 7, 8, 9, 9, 9]
1: 3811: [1, 1, 1, 1, 2, 3, 3, 4, 5, 6, 6]
1: 5289: [1, 2, 2, 3, 3, 6, 6, 7, 7, 7, 8]
1: 3527: [0, 0, 1, 2, 3, 5, 5, 6, 8, 8, 9]
1: 2352: [1, 1, 1, 2, 3, 4, 4, 4, 4, 4, 5, 5, 5, 6, 6, 7, 8, 8, 8, 8, 9, 9]
1: 1898: [0, 0, 2]
1: 1325: [0, 0, 1, 1, 2, 2, 2, 6, 6, 7, 8, 8, 8, 8, 9, 9, 9, 9]
1: 999: [5, 6, 7, 8]
1: 5535: [0, 3]
1: 2659: [8, 8, 9, 9]
1: 8568: [0, 1, 1, 2, 4, 6, 7, 7, 8, 9, 9, 9, 9, 9, 9]
1: 8333: [1]
1: 8490: [0, 1, 1, 2, 2, 3, 3, 4, 4, 4, 4, 5, 5, 6, 6, 6, 6, 6, 7, 7, 7, 7, 9]
1: 7151: [0, 0, 1, 3, 3]
1: 6830: [0, 0, 0, 0, 1, 1, 2, 2, 4, 4, 5, 6, 6, 6, 7, 7, 8, 8, 8, 8, 8, 8, 8, 9, 9]
1: 8009: [0, 1, 6, 7, 7, 8, 9]
1: 2738: [8]
1: 4682: [0, 1, 3, 3, 3, 4, 6, 6, 7, 8, 9]
1: 5386: [0, 1, 1, 1, 2, 2, 2, 3, 4, 4, 4, 4, 5, 5, 5, 6, 6, 6, 6, 8, 8, 8, 8, 8, 9, 9, 9]
1: 8791: [0, 0, 1, 1, 1, 1, 2, 2, 2, 3, 3, 3, 3, 3, 4, 4, 4, 4, 5, 5, 6, 6, 7, 7, 8, 8, 8, 8]
1: 1285: [1, 1, 2, 3, 4, 5, 8, 8]
1: 9730: [0, 0, 0, 2, 2, 3, 3, 4, 5, 6, 6, 7, 7, 7, 7, 7, 8, 8]
1: 7938: [0, 1, 1, 1, 1, 2, 2, 2, 3, 3, 4, 4, 5, 5, 5, 6, 7, 7, 7, 7, 8, 8, 9]
1: 4604: [2, 3, 5, 9]
1: 8087: [0, 2, 2, 2, 2, 3, 4, 5, 5, 6, 7, 7, 7, 8, 8]
1: 2742: [1, 1, 2, 2, 3, 3, 3, 4, 4, 4, 4, 4, 5, 5, 5, 6, 6, 6, 7, 8, 8, 9, 9, 9, 9]
1: 884: [0, 1, 1, 2, 3, 3, 3, 3, 3, 4, 6, 7, 7, 7, 8, 8]
1: 3954: [1, 2, 2, 4, 6, 7]
1: 378: [4, 9]
1: 2712: [0, 0, 0, 0, 1, 1, 1, 1, 1, 1, 2, 2, 2, 4, 5, 5, 6, 6, 6, 7, 7, 8, 8, 8, 8, 8, 9]
1: 9245: [0, 1, 1, 2, 2, 2, 2, 2, 2, 2, 2, 4, 4, 5, 5, 5, 5, 6, 7, 8, 9, 9]
1: 1231: [1, 2, 3, 6, 6, 6, 7, 8, 9]
1: 1596: [1, 1, 2, 2, 2, 2, 2, 3, 3, 4, 4, 4, 4, 4, 5, 6, 6, 6, 6, 7, 7, 7, 8, 8, 8, 9, 9]
1: 2433: [0, 0, 1, 1, 1, 1, 2, 3, 3, 3, 4, 4, 5, 5, 5, 5, 6, 6, 6, 7, 8, 9]
1: 6049: [0, 1, 2, 5, 6, 7, 7, 8, 8, 8, 9]
1: 8477: [0, 1, 7, 8, 9]
1: 5782: [1, 3]
1: 4844: [0, 1, 3, 5, 5, 8, 8, 8]
1: 6744: [0, 0, 1, 1, 2, 2, 4, 4, 5, 5, 6, 6, 6, 6, 7, 7, 7, 8, 8, 8, 8, 8, 9, 9, 9, 9]
1: 637: [0, 3, 3, 4, 4, 5, 5, 5, 6, 8, 8]
1: 9040: [0, 1, 1, 1, 2, 2, 2, 2, 3, 3, 4, 4, 4, 4, 6, 6, 6, 7, 7, 7, 8, 8, 8, 8, 9, 9]
1: 9464: [0, 1, 1, 2, 2, 2, 4, 4, 4, 5, 5, 6, 7, 7, 8, 9, 9]
1: 6271: [2]
1: 2849: [0]
1: 1196: [0, 0, 0, 1, 1, 1, 1, 1, 2, 3, 3, 4, 4, 4, 5, 5, 5, 6, 6, 7, 9, 9, 9, 9]
1: 4591: [0, 0, 1, 1, 2, 2, 2, 2, 3, 3, 5, 6, 6, 6, 6, 7, 7, 9, 9, 9]
1: 5815: [0, 0, 0, 1, 1, 2, 2, 2, 2, 2, 2, 2, 3, 3, 3, 4, 4, 4, 4, 5, 5, 5, 6, 6, 7, 7, 7, 8, 9, 9]
1: 7277: [0, 0, 0, 1, 1, 2, 3, 4, 4, 4, 4, 5, 7, 7, 9]
1: 2875: [0, 0, 0, 0, 1, 2, 2, 2, 2, 2, 2, 2, 2, 3, 3, 3, 3, 5, 6, 6, 6, 6, 7, 7, 8, 8, 8, 9, 9]
1: 5194: [0, 0, 1, 1, 2, 2, 3, 4, 4, 4, 4, 5, 5, 6, 6, 7, 7, 8, 8, 8, 9]
1: 1132: [0, 1, 1, 1, 2, 2, 2, 2, 2, 3, 3, 4, 4, 5, 5, 6, 6, 6, 7, 7, 7, 8, 8, 8, 8, 8, 8, 9, 9, 9]
1: 6647: [1, 1, 1, 1, 2, 3, 4, 4, 4, 5, 6, 8, 8, 9]
1: 8980: [2, 2, 4, 7]
1: 1276: [0, 0, 0, 0, 1, 2, 2, 2, 4, 5, 6, 6, 6, 7, 7, 8, 9, 9, 9]
1: 6523: [0, 3, 3, 3, 5, 5, 6, 6, 7, 7, 7, 9, 9]
1: 1575: [0, 1, 1, 1, 2, 5, 5, 6, 7, 7, 7, 7, 7, 8, 8, 8, 9, 9]
1: 5126: [0, 0, 1, 1, 1, 2, 2, 2, 3, 3, 3, 4, 4, 5, 6, 7, 7, 7, 7, 7, 7, 7, 8, 8, 8, 8, 9, 9, 9, 9]
1: 407: [0, 0, 0, 0, 0, 1, 1, 2, 3, 3, 4, 4, 4, 5, 6, 6, 6, 6, 6, 7, 9]
1: 4167: [0, 0, 1, 1, 2, 2, 4, 5, 5, 6, 7, 7, 8, 9, 9, 9]
1: 4262: [0, 0, 2, 2, 2, 3, 3, 3, 4, 4, 5, 5, 6, 6, 7, 7, 7, 8, 8, 8, 8, 8, 8, 8, 8, 8, 8, 9, 9]
1: 8510: [0, 1, 2, 3, 3, 4, 5, 5, 5, 6, 7, 7, 8, 8, 8, 8, 8, 8, 9]
1: 2342: [0, 1, 2, 2, 4, 4, 5, 6, 7, 7, 9, 9, 9]
1: 3488: [0, 1, 1, 1, 1, 2, 2, 2, 4, 4, 4, 4, 4, 5, 5, 5, 6, 6, 7, 7, 9, 9, 9]
1: 8552: [2, 2, 3, 3, 6, 7, 7]
1: 8697: [0, 1, 2, 5, 5]
1: 8588: [0, 0, 1, 2, 3, 3, 4, 4, 4, 6, 7, 7, 7, 8, 9]
1: 339: [7, 8]
1: 2797: [0, 0, 0, 0, 0, 0, 1, 1, 1, 1, 1, 2, 3, 4, 5, 6, 7, 7, 7, 8, 8, 8, 8, 8]
1: 5950: [0, 0, 1, 2, 2, 3, 4, 4, 5, 5, 5, 5, 5, 5, 6, 7, 7, 8, 8, 8, 8]
1: 6471: [0, 0, 2, 3, 3, 4, 4, 5, 7, 7, 7, 7, 8, 9]
1: 1465: [1, 1, 4, 4, 5, 6, 7, 8, 8]
1: 321: [0, 0, 1, 1, 1, 2, 2, 2, 2, 3, 4, 4, 5, 5, 5, 5, 5, 6, 6, 6, 6, 6, 6, 7, 8, 8, 8, 9]
1: 1043: [0, 8]
1: 2968: [0, 4, 5, 6, 7, 7, 8, 9, 9]
1: 8064: [0, 0, 1, 1, 1, 2, 2, 2, 2, 2, 2, 3, 3, 3, 3, 4, 5, 5, 6, 6, 6, 7, 7, 8, 9]
1: 6329: [9]
1: 601: [0, 1, 1, 1, 1, 1, 1, 1, 1, 2, 2, 2, 3, 3, 3, 4, 4, 4, 4, 5, 5, 6, 7, 7, 8, 8, 9, 9, 9]
1: 9424: [1, 2, 3, 5, 5]
1: 3972: [0, 0, 0, 1, 1, 2, 2, 2, 2, 2, 4, 4, 4, 5, 5, 5, 7, 7, 8, 8, 8, 9, 9, 9, 9, 9]
1: 8471: [0, 1, 1, 1, 2, 2, 3, 4, 4, 4, 4, 4, 6, 6, 6, 6, 8, 8, 8, 8, 8, 9, 9, 9, 9, 9]
1: 2828: [0, 1, 1, 1, 1, 1, 1, 1, 1, 1, 2, 2, 3, 3, 3, 3, 4, 4, 4, 4, 4, 5, 5, 5, 5, 6, 6, 6, 7]
1: 3866: [0, 0, 2, 3, 3, 3, 5, 5, 6, 6, 7, 7, 7, 7, 8, 9, 9, 9, 9]
1: 1849: [0, 0, 0, 1, 1, 1, 1, 2, 2, 3, 3, 3, 3, 3, 4, 4, 4, 6, 7, 8, 8, 9, 9, 9, 9]
1: 8219: [0, 2, 2, 2, 4, 4, 5, 6, 6, 7, 7, 7, 8, 8, 9, 9]
1: 4873: [1, 2, 2, 6, 7, 8, 9]
1: 9157: [0, 0, 8, 8]
1: 4195: [0, 0, 1, 2, 2, 2, 3, 3, 3, 3, 4, 5, 7, 8, 8, 8, 9, 9]
1: 7139: [0, 0, 1, 2, 2, 3, 4, 7, 7]
1: 8345: [4, 4, 5, 7, 8]
1: 5033: [0, 0, 1, 2, 2, 2, 2, 2, 4, 4, 4, 4, 5, 5, 6, 6, 7, 7, 7, 7, 8, 8, 8, 8, 9, 9]
1: 536: [0, 0, 0, 0, 1, 1, 1, 2, 3, 4, 5, 5, 6, 6, 8, 8, 9, 9]
1: 1063: [0, 0, 0, 1, 1, 2, 2, 3, 4, 6, 7, 7, 7, 9]
1: 7055: [0, 0, 0, 1, 1, 1, 1, 2, 2, 2, 2, 2, 3, 3, 3, 4, 5, 5, 5, 5, 6, 6, 6, 7, 7, 9, 9, 9]
1: 2958: [0, 1, 1, 2, 4, 4, 5, 7, 9]
1: 5416: [0, 0, 0, 0, 1, 2, 2, 2, 3, 3, 3, 3, 3, 3, 4, 4, 4, 5, 6, 6, 7, 7, 7, 7, 7, 7, 8, 9, 9]
1: 4449: [1, 1, 5, 5, 5, 5, 6, 7, 8, 8, 9, 9]
1: 6289: [0, 0, 4, 6, 7, 7, 7, 9]
1: 6341: [0, 0, 0, 1, 1, 1, 1, 2, 2, 2, 3, 3, 3, 3, 3, 3, 4, 4, 5, 6, 7, 7, 8, 8, 8, 8, 9, 9]
1: 7221: [0, 0, 1, 3, 4, 5, 6, 8, 9]
1: 9095: [0, 0, 0, 0, 1, 1, 1, 4, 5, 5, 7, 8, 8, 8, 9, 9]
1: 4608: [0, 2, 2, 3, 4, 5, 5, 6, 7, 8, 9, 9]
1: 4023: [0, 0, 0, 1, 2, 2, 3, 3, 3, 5, 5, 5, 5, 5, 6, 6, 7, 7, 7, 8, 9]
1: 1852: [1, 1, 2, 3, 3, 3, 4, 6, 8]
1: 3343: [0, 0, 1, 1, 1, 1, 1, 2, 2, 3, 3, 4, 4, 5, 5, 7, 7, 8, 8]
1: 8493: [0, 1, 1, 2, 3, 3, 3, 4, 5, 5, 5, 5, 6, 7, 7, 8, 8, 9]
1: 1109: [0, 0, 2, 2, 2, 3, 3, 3, 3, 4, 4, 5, 5, 5, 6, 6, 6, 7, 7, 7, 7, 8, 8, 8, 8, 9, 9, 9]
1: 7549: [0, 3, 5, 7]
1: 5167: [2, 2, 2, 2, 3, 3, 3, 4, 4, 4, 5, 5, 7, 7, 8, 9]
1: 7637: [0, 2, 2, 3, 5, 5, 8, 9]
1: 7064: [0, 1, 1, 2, 2, 2, 3, 3, 4, 4, 5, 6, 7, 8, 8, 8, 8, 9, 9]
1: 5397: [1, 2, 5, 6, 6, 7]
1: 9713: [0, 1, 1, 3, 5, 5, 5, 6, 6, 6, 7, 7, 7, 7, 7, 8, 9, 9, 9]
1: 9869: [0, 0, 0, 1, 1, 1, 2, 2, 2, 2, 2, 2, 3, 3, 3, 4, 5, 5, 5, 5, 5, 6, 7, 7, 7, 7, 8, 8, 8, 9]
1: 976: [2, 3, 3]
1: 7022: [0, 0, 0, 0, 1, 1, 1, 1, 2, 2, 2, 3, 3, 3, 3, 3, 3, 4, 4, 4, 5, 6, 6, 7, 7, 7, 7, 8, 8, 9]
1: 2845: [0, 1, 1, 1, 1, 2, 2, 3, 4, 4, 5, 5, 5, 6, 6, 7, 8, 8, 9]
1: 59: [0, 1, 2, 5, 5, 5, 6, 6, 6, 7, 7, 8, 8, 8, 8, 9, 9]
1: 4037: [1, 2, 2, 9]
1: 3315: [0, 3, 4, 7, 9]
1: 9929: [0, 1, 3, 5, 5, 5, 5, 5, 6, 6, 9]
1: 8695: [0, 1, 1, 1, 1, 2, 2, 2, 3, 5, 5, 7, 8, 8, 8, 9]
1: 4078: [0, 1, 2, 2, 3, 3, 3, 5, 5, 6, 6, 6, 7, 7, 8, 8, 8, 8, 8, 8, 8, 9]
1: 4273: [0, 1, 1, 1, 1, 1, 1, 1, 2, 3, 3, 3, 3, 4, 4, 4, 4, 5, 5, 6, 6, 7, 7, 7, 8, 8, 8, 8, 9]
1: 6720: [0, 0, 0, 1, 1, 1, 2, 3, 3, 4, 4, 4, 5, 6, 7, 7, 7, 7, 8]
1: 6804: [0, 1, 4, 6, 9, 9]
1: 9614: [0, 1, 2, 3, 3, 4, 4, 4, 4, 4, 5, 5, 6, 6, 6, 7, 7, 7, 7, 7, 9]
1: 3116: [0]
1: 210: [6, 7, 8]
1: 4079: [4, 4, 5, 5, 8, 9]
1: 2836: [3, 9]
1: 943: [4, 5]
1: 5031: [1, 5]
1: 6666: [2, 2, 4, 5, 5, 6, 6, 7, 7, 9, 9, 9]
1: 3692: [0, 1, 1, 1, 3, 3, 6, 6, 6, 7, 9, 9, 9]
1: 8267: [0, 1, 1, 1, 1, 1, 1, 2, 2, 3, 3, 3, 4, 4, 5, 6, 6, 6, 7, 7, 9]
1: 8334: [1, 1, 1, 3, 6, 7, 9, 9, 9]
1: 5494: [0, 0, 2, 4, 4, 5, 5, 5, 6, 7, 7, 7, 7, 8, 8, 9]
1: 2306: [0, 1, 2, 3, 3, 4, 4, 4, 5, 5, 5, 6, 6, 6, 7, 8, 9, 9, 9, 9, 9, 9]
1: 8403: [2, 3, 3, 4, 4, 5, 5, 6, 6, 6, 7, 7, 8, 8, 8, 9, 9]
1: 4407: [1, 1, 1, 3, 3, 3, 4, 4, 5, 6, 6, 7, 7, 7, 8, 8, 9, 9, 9]
1: 9167: [0, 0, 0, 0, 1, 1, 1, 2, 2, 3, 4, 6, 6, 6, 7, 7, 8, 8, 8, 8, 8, 9, 9, 9]
1: 8684: [7, 9]
1: 9849: [0, 3, 5, 6, 7, 7, 8, 9, 9, 9]
1: 7766: [2, 2, 4, 8]
1: 212: [0, 0, 1, 1, 1, 1, 2, 2, 2, 2, 2, 2, 3, 3, 5, 5, 5, 6, 6, 7, 8, 8, 8, 8, 9, 9]
1: 1175: [0, 0, 0, 1, 2, 2, 2, 3, 3, 4, 5, 6, 6, 7, 7, 8, 9]
1: 9321: [1, 1, 2, 2, 3, 4, 4, 5, 7, 9]
1: 9681: [0, 0, 0, 0, 0, 1, 1, 3, 3, 3, 3, 4, 4, 4, 4, 6, 6, 7, 9, 9]
1: 7611: [0, 0, 1, 1, 1, 3, 3, 3, 4, 4, 5, 7, 9, 9, 9]
1: 1071: [0, 0, 0, 0, 1, 1, 1, 2, 2, 2, 3, 4, 5, 5, 6, 7, 7, 7, 7, 7, 8, 8, 8, 8, 9, 9, 9]
1: 5735: [0, 0, 2, 2, 3, 3, 3, 3, 4, 6, 6, 6, 6]
1: 1634: [0, 0, 0, 1, 2, 2, 2, 2, 2, 3, 3, 3, 3, 3, 3, 3, 4, 4, 4, 5, 6, 6, 6, 8, 8, 8, 8]
1: 1060: [6, 9]
1: 7594: [1, 1, 1, 1, 2, 3, 3, 4, 4, 4, 4, 5, 6, 7, 7, 8, 9, 9]
1: 6788: [0, 5, 8]
1: 1323: [0, 0, 0, 1, 1, 2, 3, 3, 3, 3, 4, 6, 9]
1: 104: [0, 0, 1, 2, 3, 3, 3, 3, 3, 4, 5, 5, 5, 6, 6, 6, 7, 7, 7, 8, 8, 8, 8, 8, 9, 9, 9, 9]
1: 5129: [0, 1, 4]
1: 2985: [5, 7]
1: 9271: [0, 0, 0, 0, 0, 1, 2, 2, 2, 3, 3, 3, 3, 4, 4, 4, 5, 5, 6, 6, 6, 6, 7, 7, 8, 9, 9]
1: 2954: [0, 0, 0, 0, 1, 2, 2, 2, 3, 3, 3, 3, 4, 4, 4, 5, 5, 5, 6, 6, 7, 7, 7, 9, 9]
1: 3986: [5, 5, 9, 9]
1: 3726: [0, 0, 0, 0, 1, 1, 2, 2, 2, 2, 2, 3, 4, 4, 4, 4, 4, 5, 5, 6, 6, 6, 6, 8, 8, 9, 9, 9]
1: 3035: [0, 0, 0, 1, 1, 2, 2, 3, 3, 5, 5, 6, 6, 6, 6, 6, 7, 7, 7, 8, 9]
1: 9522: [0, 0, 1, 1, 2, 2, 2, 2, 3, 3, 3, 4, 4, 5, 5, 6, 6, 6, 6, 6, 6, 7, 7, 8, 8, 8, 9]
1: 2118: [0, 1, 1, 2, 2, 2, 3, 3, 5, 5, 8, 8, 9, 9, 9]
1: 5335: [1, 2, 2, 2, 3, 4, 5, 6, 6, 6, 7, 8]
1: 1935: [0, 0, 0, 0, 3, 3, 3, 4, 4, 4, 5, 5, 5, 5, 5, 7, 7, 8, 8]
1: 4529: [0, 2, 5, 5, 6, 7]
1: 8669: [6, 9]
