1: 3120: [0, 0, 0, 1, 1, 2, 2, 2, 2, 3, 3, 3, 4, 5, 5, 5, 6, 6, 6, 6, 6, 6, 7, 7, 7, 7, 8, 9]
1: 3326: [0, 0, 2, 2, 4, 5, 6, 6, 7, 8, 8, 9, 9, 9]
1: 3804: [0, 0, 1, 2, 3, 4, 5, 6, 7, 8, 8, 9]
1: 217: [0, 0, 1, 1, 1, 1, 2, 3, 4, 4, 4, 4, 5, 5, 6, 6, 6, 7, 8, 8, 9]
1: 4791: [2, 3, 5, 7, 9]
1: 3276: [0, 0, 0, 0, 0, 2, 2, 3, 3, 4, 4, 5, 6, 6, 6, 6, 6, 6, 6, 7, 8, 9]
1: 3491: [0, 0, 0, 1, 1, 2, 3, 3, 3, 3, 3, 3, 3, 4, 5, 5, 5, 5, 6, 6, 6, 6, 7, 8, 9, 9]
1: 1592: [0, 0, 0, 1, 1, 2, 2, 3, 3, 3, 3, 4, 4, 5, 6, 7, 7, 7, 8, 8, 9]
1: 3365: [2, 2, 2, 4, 5, 5, 6, 7, 7]
1: 2754: [0, 3, 5]
1: 3551: [0, 0, 1, 1, 2, 2, 3, 3, 3, 3, 4, 4, 5, 6, 6, 6, 7, 7, 7, 9, 9]
1: 667: [0, 0, 0, 1, 2, 2, 2, 2, 2, 3, 3, 3, 3, 3, 4, 4, 4, 4, 5, 5, 5, 5, 6, 7, 8, 8, 8, 8, 8, 9]
1: 1258: [0, 1, 1, 1, 2, 4, 4, 4, 4, 4, 4, 5, 5, 6, 6, 8, 8, 9]
1: 1341: [0, 2, 2, 2, 3, 5, 5, 6, 6, 8, 8, 8, 9, 9, 9]
1: 72: [0, 1, 5, 5, 5, 5, 6, 6, 8, 8, 8, 8, 9, 9]
1: 3452: [0, 0, 0, 2, 2, 3, 3, 3, 4, 5, 7, 7, 7, 7, 9]
1: 858: [2, 2, 3, 6]
1: 4140: [1, 2, 2, 2, 3, 3, 3, 3, 3, 3, 4, 5, 5, 5, 5, 6, 6, 7, 8, 8, 8, 8, 8, 9, 9, 9, 9, 9]
1: 538: [0, 0, 0, 0, 0, 0, 1, 2, 2, 2, 3, 3, 4, 5, 6, 6, 6, 7, 7, 7, 7, 8, 8, 8, 9, 9, 9]
1: 4825: [0, 1, 2, 2, 4, 4, 4, 6, 8, 9]
1: 4672: [6, 7]
1: 4891: [0, 0, 1, 1, 2, 3, 4, 5, 6, 6, 6, 7, 8, 8]
1: 2302: [3, 3, 3, 5, 5, 6, 7, 7, 9, 9]
1: 3626: [0, 1, 1, 2, 3, 3, 3, 3, 4, 4, 5, 6, 7, 7]
1: 830: [0, 4]
1: 2494: [0, 0, 1, 2, 2, 2, 2, 3, 3, 4, 5, 6, 6, 6, 6, 6, 6, 7, 7, 7, 7, 7, 8, 8, 9, 9, 9, 9, 9, 9]
1: 3141: [0, 0, 0, 1, 2, 2, 3, 4, 5, 5, 5, 5, 5, 6, 6, 6, 7, 8, 8, 8, 9]
1: 1785: [0, 0, 1, 2, 4, 6, 7, 8]
1: 3684: [0, 0, 0, 1, 1, 2, 2, 2, 2, 3, 3, 4, 4, 4, 5, 6, 7, 8, 8, 8, 9, 9, 9, 9]
1: 588: [0, 0, 1, 1, 1, 1, 2, 3, 3, 3, 4, 4, 4, 5, 5, 6, 6, 7, 7, 7, 8, 9, 9]
1: 1632: [0]
1: 4508: [0, 2, 3, 4, 4, 5, 5, 5, 6, 6, 7, 7, 7, 7, 8, 8, 8, 8, 8, 8, 9]
1: 470: [8, 8]
1: 304: [0, 0, 1, 1, 2, 5, 6, 6, 7, 8, 9, 9]
1: 216: [0, 0, 3, 4, 4, 4, 5, 6, 7, 8]
1: 2013: [0, 5, 7, 7, 7]
1: 774: [0, 1, 3, 3, 4, 5, 8, 8]
1: 4141: [0, 0, 0, 0, 1, 2, 2, 2, 3, 5, 5, 5, 5, 6, 7, 7, 8, 9, 9]
1: 1419: [1, 1, 1, 2, 2, 3, 3, 3, 3, 3, 5, 6, 6, 7, 7, 7, 7, 7, 8, 8, 8, 9, 9, 9]
1: 727: [0, 2]
1: 1406: [1, 1, 1, 3, 3, 4, 4, 5, 6, 6, 7, 8, 9]
1: 307: [1, 1, 1, 2, 3, 4, 5, 6, 6, 7, 7, 8, 8]
1: 4858: [0, 1, 7, 7]
1: 2745: [0, 0, 0, 2, 3, 4, 4, 5, 7, 7, 8, 9]
1: 1964: [0, 0, 1, 1, 1, 2, 2, 2, 2, 2, 2, 2, 3, 3, 4, 4, 6, 6, 6, 6, 6, 7, 8, 8, 8, 8, 9]
1: 4944: [0, 0, 1, 2, 3, 3, 3, 5, 5, 6, 6, 7, 8, 9, 9]
1: 3256: [0, 1, 1, 1, 1, 2, 3, 4, 4, 5, 6, 6, 7, 7, 7, 7, 8, 8, 8, 9]
1: 3086: [0, 0, 0, 1, 1, 1, 3, 4, 5, 7, 7, 8, 9, 9]
1: 4073: [9]
1: 2092: [0, 0, 1, 3, 4, 4, 5, 7, 8, 8, 8, 8, 9, 9]
1: 1038: [0, 0, 1, 1, 1, 1, 1, 2, 2, 2, 2, 3, 3, 3, 5, 6, 6, 7, 7, 8, 8, 8, 9, 9, 9, 9]
1: 1528: [2, 2, 2, 5, 5, 6, 6, 7, 8, 8, 9, 9]
1: 4544: [0, 1, 1, 1, 1, 2, 2, 2, 2, 2, 3, 3, 3, 3, 3, 3, 4, 4, 4, 5, 5, 5, 6, 7, 7, 7, 7, 8, 9, 9]
1: 3914: [0, 0, 0, 1, 1, 1, 1, 1, 2, 2, 5, 5, 6, 6, 7]
1: 1501: [0, 0, 1, 1, 1, 1, 2, 2, 2, 3, 4, 4, 4, 5, 5, 5, 6, 6, 6, 7, 8, 8, 8, 8, 9, 9, 9, 9, 9]
1: 4517: [0, 0, 0, 1, 1, 2, 2, 2, 2, 2, 3, 3, 3, 4, 4, 4, 4, 5, 5, 5, 6, 7, 8, 8, 8, 9, 9, 9]
1: 4728: [3]
1: 1793: [2, 4, 5, 7]
1: 4677: [0, 0, 1, 1, 1, 1, 2, 2, 3, 3, 3, 4, 5, 5, 5, 6, 6, 6, 6, 7, 7, 8, 8, 8, 8, 8, 8, 9, 9, 9]
1: 4139: [0, 1, 2, 2, 4, 5, 7, 7, 8]
1: 3035: [2, 3, 3]
1: 4673: [0, 0, 0, 0, 1, 1, 1, 2, 2, 2, 2, 3, 4, 5, 5, 5, 5, 6, 6, 7, 7, 7, 8, 8, 9, 9, 9]
1: 3993: [0, 0, 0, 2, 2, 2, 2, 3, 5, 5, 6, 6, 7, 7, 8, 9]
1: 194: [0, 0, 0, 1, 2, 2, 3, 3, 3, 3, 4, 4, 4, 5, 5, 5, 5, 6, 6, 6, 7, 7, 7, 8, 8, 8, 8, 8, 9, 9]
1: 2447: [0, 0, 0, 1, 1, 1, 2, 4, 4, 4, 5, 6, 6, 7, 8, 9, 9]
1: 4329: [1, 1, 2, 2, 3, 4, 6, 6, 6, 6, 7, 7, 7, 8, 8, 8, 9]
1: 116: [1, 2, 2, 3, 4, 6]
1: 322: [0, 0, 0, 1, 1, 2, 3, 3, 3, 4, 5, 5, 6, 6, 7, 7, 7, 8, 8, 8, 8, 9]
1: 2696: [0, 0, 0, 1, 1, 1, 1, 1, 1, 2, 2, 2, 3, 3, 4, 4, 4, 5, 5, 5, 6, 6, 7, 8, 8, 8, 9, 9, 9]
1: 1758: [0, 0, 1, 1, 1, 2, 2, 2, 2, 3, 5, 5, 5, 6, 6, 6, 6, 6, 7, 7, 7, 8, 8, 8, 8, 9, 9, 9]
1: 3083: [0, 0, 0, 0, 0, 0, 0, 1, 2, 2, 3, 3, 3, 3, 3, 4, 4, 6, 6, 6, 6, 8, 8]
1: 2413: [0, 1, 1, 1, 2, 2, 2, 3, 3, 3, 5, 5, 5, 6, 7, 7, 8, 8, 8, 8, 9, 9, 9, 9]
1: 4300: [0, 0, 1, 2, 2, 3, 3, 4, 5, 5, 5, 5, 6, 6, 8, 8, 8, 9, 9, 9]
1: 3483: [0, 0, 1, 1, 2, 2, 3, 3, 5, 6, 6, 6, 6, 8, 8]
1: 4403: [0, 1, 2, 3, 3, 3, 3, 5, 6, 6, 8]
1: 3117: [1, 2, 2, 2, 3, 3, 4, 4, 5, 5, 6, 7, 8, 8, 8, 8, 9, 9, 9, 9]
1: 3209: [0, 0, 0, 0, 0, 1, 1, 2, 2, 2, 4, 4, 6, 7, 7, 7, 7, 8, 9, 9]
1: 1214: [1, 2, 3, 4, 4, 5, 5, 6, 7, 8, 9]
1: 3188: [0, 2, 4, 5, 6, 7, 7, 8, 8, 9]
1: 2982: [1, 2, 7, 9]
1: 4332: [1, 2, 2, 2, 3, 3, 3, 4, 4, 6, 9, 9, 9]
1: 1781: [0, 0, 0, 1, 1, 1, 2, 2, 2, 3, 3, 3, 4, 4, 4, 4, 5, 5, 5, 6, 6, 6, 6, 7, 9]
1: 411: [0, 0, 0, 1, 1, 1, 1, 2, 3, 3, 3, 4, 4, 4, 4, 4, 4, 5, 7, 8, 9]
1: 2222: [0, 1, 2, 2, 3, 3, 4, 5, 5, 5, 5, 7, 7, 7, 7, 9, 9, 9]
1: 2426: [0, 0, 0, 2, 2, 2, 3, 3, 4, 4, 5, 5, 5, 5, 5, 6, 6, 6, 6, 7, 7, 8, 8, 8, 8, 8]
1: 974: [0, 1, 2, 2, 2, 3, 3, 5, 5, 5, 6, 6, 9, 9]
1: 1434: [0, 1, 2, 3, 3, 3, 3, 3, 4, 5, 5, 7, 7, 7, 8, 8, 8, 8, 9]
1: 1469: [0, 1, 2, 3, 4, 5, 5, 6, 6, 7, 8, 8]
1: 791: [2, 6]
1: 4005: [0, 0, 0, 1, 1, 2, 3, 4, 5, 7, 8, 8]
1: 3490: [0, 0, 0, 0, 1, 1, 1, 1, 1, 2, 2, 3, 5, 5, 6, 6, 6, 7, 7, 7, 7, 8, 9, 9, 9]
1: 3102: [0, 1, 1, 2, 2, 3, 3, 3, 3, 4, 6, 6, 6, 7, 7, 7, 8, 9, 9]
1: 3937: [1, 2, 2, 2, 2, 4, 5, 6, 6, 9]
1: 3156: [9]
1: 2528: [0, 0, 0, 0, 0, 1, 2, 3, 5, 6, 6, 7, 7, 7, 7, 8, 9]
1: 2763: [1, 4, 4, 6, 7, 8, 8]
1: 4296: [0, 0, 1, 1, 2, 2, 2, 2, 3, 3, 4, 6, 6, 7, 7, 7, 9]
1: 1536: [0, 0, 1, 2, 3, 4, 4, 4, 5, 5, 6, 7, 7, 8, 9, 9]
1: 976: [1, 2, 2, 6]
1: 2400: [1, 2, 2, 2, 3, 3, 3, 3, 5, 8, 9]
1: 4558: [0, 1, 1, 1, 1, 2, 2, 2, 3, 4, 4, 4, 4, 6, 6, 7, 7, 8]
1: 1543: [0, 1, 1, 1, 1, 2, 2, 2, 2, 2, 3, 3, 3, 3, 4, 4, 5, 6, 6, 6, 7, 7, 7, 8, 8, 8, 9, 9, 9]
1: 3258: [0, 1, 2, 4, 7, 8, 8, 8]
1: 3716: [0, 0, 1, 1, 2, 2, 2, 3, 3, 3, 3, 4, 5, 5, 5, 6, 6, 7, 7, 7, 7, 7, 8, 8, 8, 9, 9]
1: 844: [2, 4, 5, 5, 5, 8, 8]
1: 4417: [0, 0, 0, 0, 1, 1, 1, 1, 1, 3, 4, 4, 5, 5, 6, 6, 6, 6, 6, 7, 7, 7, 7, 7, 8, 8, 8, 8]
1: 4193: [2]
1: 1896: [0, 0, 0, 1, 2, 2, 2, 2, 3, 3, 3, 5, 5, 6, 6, 9, 9, 9]
1: 983: [0, 0, 0, 0, 0, 1, 2, 2, 2, 4, 4, 4, 5, 6, 6, 6, 7, 7, 8, 8, 8, 9, 9]
1: 3421: [0, 0, 0, 1, 1, 1, 2, 2, 2, 3, 3, 4, 4, 4, 4, 5, 5, 6, 6, 6, 7, 7, 7, 8, 9, 9]
1: 4210: [0, 0, 0, 0, 1, 2, 3, 3, 4, 4, 5, 6, 6, 7, 8, 8, 9, 9, 9]
1: 338: [0, 4]
1: 1722: [0, 1, 1, 1, 1, 1, 2, 2, 2, 3, 3, 3, 3, 4, 4, 6, 6, 7, 7, 8, 8, 9, 9, 9, 9]
1: 259: [1, 2, 3, 5, 5, 6, 6, 6, 7]
1: 4504: [0, 0, 0, 0, 1, 1, 2, 2, 2, 2, 2, 2, 3, 3, 3, 4, 5, 6, 7, 7, 8, 8, 9, 9]
1: 1109: [0, 0, 0, 1, 1, 1, 1, 3, 3, 4, 5, 5, 5, 6, 6, 6, 6, 6, 6, 6, 7, 7, 7, 8, 8, 8, 8, 9, 9, 9]
1: 2911: [0, 0, 0, 1, 1, 2, 2, 3, 3, 3, 3, 5, 5, 7, 7, 8, 8, 9]
1: 2319: [0, 0, 0, 3, 4, 4, 6, 6, 6, 7, 7, 8, 9]
1: 739: [0, 0, 0, 0, 1, 2, 2, 2, 2, 3, 4, 4, 4, 4, 4, 5, 5, 5, 6, 6, 6, 7, 7, 7, 7, 8, 8, 9, 9]
1: 1846: [0, 2, 4, 4, 7, 8, 8, 9]
1: 4420: [0, 1, 1, 1, 1, 2, 2, 2, 3, 5, 6, 6, 7, 7, 9, 9, 9, 9, 9]
1: 586: [2, 4, 4, 6, 6, 7, 9, 9]
1: 2177: [0, 1, 1, 5, 6, 7, 9]
1: 907: [0, 1, 1, 1, 1, 3, 4, 5, 5, 6, 6, 7, 7, 8, 8, 9, 9]
1: 3146: [0, 0, 1, 1, 1, 2, 2, 3, 3, 3, 5, 5, 6, 6, 6, 6, 7, 8, 8, 8, 9, 9]
1: 2214: [0, 0, 0, 2, 2, 3, 4, 5, 5, 8, 8, 9]
1: 1389: [1, 2, 3, 3, 3, 3, 4, 6, 6, 7, 8, 9]
1: 3711: [0, 0, 0, 1, 2, 4, 5, 5, 5, 5, 6, 6, 6, 7, 7, 7, 8, 8, 8, 8, 9]
1: 262: [0, 1, 2, 5, 6, 6, 6, 8, 8, 9]
1: 2085: [0, 0, 0, 1, 1, 1, 2, 3, 4, 4, 4, 4, 6, 6, 8]
1: 3327: [4, 4, 7]
1: 4992: [1, 2, 2, 3, 3, 3, 3, 4, 4, 6, 7, 7, 8, 8, 9, 9, 9, 9, 9]
1: 2260: [7, 7]
1: 1924: [0, 1, 1, 1, 2, 2, 3, 3, 4, 4, 4, 4, 5, 6, 7, 7, 7, 7, 8, 8, 8, 9, 9]
1: 3923: [0, 2, 3, 4, 5, 6, 8, 8, 9]
1: 4262: [0, 0, 0, 1, 2, 3, 4, 4, 6, 6, 7, 7, 9, 9]
1: 4020: [0, 0, 0, 2, 2, 2, 4, 4, 5, 5, 5, 6, 7, 8, 8, 9, 9, 9]
1: 2350: [1, 1, 2, 3, 4, 4, 7, 8, 8, 9, 9]
1: 1413: [1, 1, 2, 2, 3, 3, 3, 3, 5, 6, 7, 7, 8, 9]
1: 1361: [0, 1, 1, 2, 2, 3, 3, 3, 4, 4, 5, 6, 7, 7, 8, 8, 8, 8, 9, 9]
1: 4823: [0, 1, 1, 3, 3, 3, 5, 7, 7, 8, 8]
1: 2453: [5, 6]
1: 4905: [0, 0, 1, 2, 2, 3, 3, 3, 4, 4, 5, 5, 5, 5, 5, 6, 7, 7, 8, 9, 9, 9, 9, 9, 9]
1: 1000: [0, 3, 4, 4, 4, 4, 4, 5, 5, 6, 7, 7, 7, 8, 8, 8, 8, 9]
1: 1107: [2, 5, 6, 6, 6, 8, 8]
1: 3818: [0, 1, 1, 1, 1, 2, 3, 3, 3, 3, 4, 4, 4, 5, 5, 7, 8, 8, 9, 9]
1: 4204: [1, 1, 2, 3, 3, 4, 5, 6, 6, 6, 7, 8, 9]
1: 1302: [0, 1, 1, 2, 2, 3, 5, 6, 7, 8, 9, 9, 9]
1: 2781: [0, 0, 0, 2, 2, 2, 3, 3, 4, 4, 5, 5, 5, 6, 7, 7, 7, 8, 8, 8, 8, 8, 9, 9, 9, 9]
1: 3917: [0, 1, 1, 1, 1, 1, 1, 1, 2, 3, 3, 3, 4, 4, 4, 4, 4, 5, 5, 6, 7, 8, 8, 8, 8, 9, 9, 9, 9]
1: 710: [0, 0, 1, 2, 2, 2, 2, 3, 3, 3, 3, 3, 4, 4, 5, 5, 6, 6, 7, 8, 8, 8, 8, 9, 9, 9]
1: 1282: [0, 0, 0, 2, 2, 2, 2, 2, 2, 3, 4, 4, 5, 5, 5, 5, 5, 5, 6, 6, 6, 6, 7, 7, 8, 9, 9, 9, 9]
1: 334: [0, 0, 0, 0, 0, 0, 1, 1, 2, 2, 3, 3, 4, 4, 5, 5, 6, 6, 6, 7, 7, 7, 7, 8, 8, 8, 8, 9, 9, 9]
1: 3247: [0, 0, 1, 5, 5, 6, 6, 7, 7, 8, 8, 9, 9]
1: 3290: [6]
1: 4187: [1, 2, 2, 2, 3, 3, 6, 6, 6, 7, 7, 7, 8, 8, 8, 8, 9]
1: 2753: [2, 2, 3, 3, 4, 4, 5, 6, 8, 8]
1: 1708: [0, 0, 1, 1, 1, 1, 2, 2, 3, 3, 3, 3, 3, 3, 4, 4, 4, 5, 5, 6, 6, 6, 7, 8, 8, 8, 9, 9]
1: 1521: [0, 0, 0, 1, 1, 1, 1, 2, 2, 3, 3, 4, 4, 5, 5, 6, 6, 6, 7, 7, 9, 9, 9]
1: 3754: [0, 1, 6, 6, 6, 7, 9]
1: 1383: [3]
1: 3845: [2, 3]
1: 2570: [0, 2, 2, 3, 5, 5, 7, 7, 8, 9, 9, 9]
1: 759: [0, 2, 7, 9]
1: 567: [0, 0, 0, 0, 1, 1, 1, 2, 3, 3, 5, 5, 6, 6, 6, 6, 7, 7, 7, 7, 7, 7, 9, 9, 9]
1: 4981: [2]
1: 604: [0, 0, 2, 3, 3, 3, 3, 4, 4, 4, 6, 6, 6, 6, 7, 7, 8, 9]
1: 605: [0, 0, 0, 0, 0, 1, 2, 2, 2, 2, 2, 3, 4, 4, 6, 6, 6, 7, 7, 7, 8, 9, 9, 9, 9, 9, 9, 9, 9]
1: 2713: [1, 1, 1, 2, 2, 3, 3, 4, 5, 6, 6, 7, 7, 8, 8, 8, 8, 8, 8]
1: 2154: [0, 0, 2, 2, 2, 3, 3, 4, 4, 4, 6, 7, 7, 7, 8, 8, 9, 9]
1: 4822: [0, 1, 2, 2, 3, 3, 3, 4, 4, 4, 5, 5, 5, 5, 5, 6, 6, 6, 7, 7, 8, 8, 9, 9]
1: 2901: [0, 0, 0, 0, 2, 3, 4, 5, 6, 7, 7, 7, 7, 8, 9, 9, 9]
1: 561: [0, 5, 5, 5]
1: 2265: [0, 0, 0, 1, 1, 1, 3, 3, 3, 4, 4, 4, 4, 6, 6, 6, 6, 7, 7, 7, 8, 8, 8, 8, 9]
1: 1118: [0, 0, 1, 3, 4, 4, 4, 4, 4, 6, 8, 9]
1: 2007: [0, 0, 0, 0, 1, 1, 1, 1, 2, 2, 3, 3, 3, 3, 4, 4, 4, 5, 5, 5, 5, 6, 6, 6, 7, 7, 8, 8, 9, 9]
1: 1794: [0, 0, 0, 1, 1, 1, 2, 2, 2, 3, 3, 3, 3, 3, 4, 4, 4, 4, 6, 7, 8, 9, 9, 9]
1: 3642: [0, 3, 3, 4, 5, 8]
1: 886: [0, 0, 1, 1, 1, 2, 2, 3, 3, 3, 4, 4, 5, 5, 6, 6, 6, 7, 8, 8, 9, 9]
1: 4975: [0, 1, 1, 1, 2, 3, 3, 3, 3, 3, 4, 4, 4, 6, 6, 6, 7, 7, 7, 7, 7, 9]
1: 3529: [0, 0, 0, 0, 1, 2, 2, 2, 2, 3, 3, 3, 4, 4, 5, 5, 6, 7, 8, 8, 8, 9]
1: 4082: [0, 0, 0, 0, 0, 0, 2, 2, 2, 2, 3, 4, 5, 6, 6, 7, 7, 8, 8, 9, 9, 9, 9]
1: 1225: [0, 1, 1, 1, 1, 2, 4, 5, 6, 6, 8, 9]
1: 4419: [3, 4, 9]
1: 4131: [0, 1, 1, 4, 4, 5, 6, 6, 6, 7, 8, 8, 9, 9, 9]
1: 2731: [1, 1, 3, 4, 4, 4, 5, 5, 6, 7, 9, 9]
1: 799: [0, 1, 2, 2, 3, 3, 3, 3, 4, 4, 4, 5, 5, 5, 6, 6, 6, 6, 7, 7, 8, 8, 8, 9, 9]
1: 3795: [0, 1, 1, 2, 3, 3, 4, 5, 9, 9]
1: 3834: [0, 0, 0, 0, 1, 1, 2, 2, 3, 4, 5, 5, 5, 5, 6, 6, 7, 7, 7, 7, 8, 8, 8, 8, 8, 9, 9, 9, 9, 9]
1: 3415: [0, 0, 1, 1, 1, 2, 2, 2, 3, 3, 3, 3, 4, 4, 4, 4, 5, 5, 5, 6, 6, 6, 7, 7, 7, 8, 8, 8, 9, 9]
1: 1124: [0, 0, 1, 2, 4, 4, 5, 6, 6, 7, 7, 9]
1: 4163: [1, 3, 3, 4, 5, 6, 7]
1: 4995: [0, 0, 0, 1, 2, 2, 2, 2, 2, 3, 4, 4, 4, 5, 6, 6, 6, 6, 6, 7, 7, 8, 8, 9, 9]
1: 4965: [0, 0, 1, 2, 2, 2, 3, 3, 3, 4, 4, 4, 4, 4, 4, 4, 5, 5, 6, 6, 6, 7, 7, 7, 8, 9, 9, 9, 9, 9]
1: 2080: [0, 0, 0, 1, 1, 1, 1, 3, 3, 3, 3, 3, 5, 5, 5, 6, 6, 7, 7, 7, 8, 8, 8, 8, 9]
1: 4272: [0, 0, 0, 0, 1, 1, 1, 1, 1, 1, 1, 2, 3, 3, 4, 4, 4, 5, 5, 6, 7, 7, 7, 8, 8, 8, 9, 9, 9]
1: 4839: [0, 0, 0, 1, 1, 2, 3, 3, 4, 4, 4, 4, 4, 4, 4, 5, 5, 6, 7, 7, 7, 7, 7, 8, 9, 9, 9, 9, 9]
1: 805: [0, 0, 0, 0, 1, 2, 3, 3, 4, 4, 5, 5, 5, 6, 8, 8, 9, 9, 9]
1: 2522: [1, 1, 1, 1, 2, 2, 2, 2, 3, 3, 4, 4, 4, 4, 4, 5, 5, 5, 6, 7, 8, 8, 8, 8, 8, 8, 9, 9]
1: 3401: [0, 0, 1, 1, 1, 2, 2, 3, 3, 3, 4, 5, 5, 5, 5, 6, 6, 6, 7, 8, 9, 9]
1: 968: [0, 1, 1, 1, 2, 3, 5, 7]
1: 3590: [0, 0, 0, 1, 1, 1, 2, 4, 4, 4, 5, 5, 6, 6, 6, 6, 6, 7, 8, 9, 9, 9]
1: 4122: [1, 7]
1: 4708: [0, 3, 3, 4, 5, 5, 6, 6, 8, 9, 9, 9]
1: 1292: [0, 0, 1, 1, 1, 1, 2, 3, 4, 4, 6, 7, 8, 8, 8, 9]
1: 2182: [0, 0, 0, 1, 2, 2, 2, 3, 3, 4, 4, 5, 6, 6, 6, 7, 7, 8, 8, 9, 9]
1: 2141: [1, 2, 5, 6, 6, 6]
1: 701: [0, 0, 2, 3, 3, 4, 6, 6, 7, 7, 8]
1: 2102: [0, 0, 2, 4, 4, 7, 7, 8, 9]
1: 3051: [0, 0, 0, 1, 2, 2, 3, 3, 4, 4, 4, 5, 5, 5, 6, 6, 7, 7, 8, 8, 8, 8, 9, 9]
1: 4913: [0, 0, 2, 3, 4, 4, 5, 5, 5, 7, 7, 7, 8, 9]
1: 4560: [2, 3, 3, 5, 6, 6, 6, 8]
1: 1007: [0]
1: 467: [0, 0, 0, 1, 2, 2, 2, 3, 3, 3, 3, 4, 4, 4, 5, 6, 6, 7, 8, 8, 8, 8, 8, 9]
1: 1879: [2, 3, 6, 7, 7, 7, 9]
1: 434: [1, 1, 2, 3, 3, 4, 4, 4, 5, 7, 8, 8]
1: 1946: [0, 1, 2, 3, 5, 7]
1: 808: [0, 1, 3, 4, 6, 8]
1: 4723: [0, 1, 1, 2, 2, 2, 2, 2, 2, 3, 3, 3, 3, 4, 4, 4, 5, 5, 5, 5, 5, 5, 6, 7, 8, 8, 9, 9, 9]
1: 931: [1, 9]
1: 2685: [0, 2, 2, 4, 4, 4, 5, 7, 8, 8, 9]
1: 1954: [0, 0, 2, 2, 2, 2, 3, 4, 6, 7, 8, 8]
1: 2202: [6, 7]
1: 775: [0, 3, 4, 4, 4, 4, 6, 6, 8, 9, 9, 9]
1: 3239: [0, 0, 0, 2, 2, 3, 3, 3, 4, 6, 6, 6, 7, 9]
1: 3613: [1, 1, 1, 3, 4, 5, 8, 8, 9, 9, 9]
1: 293: [0, 0, 1, 3, 4, 6, 8, 9]
1: 818: [0, 0, 0, 0, 1, 1, 1, 1, 2, 3, 3, 3, 3, 3, 3, 5, 5, 6, 7, 7, 7, 8, 8, 8, 9, 9, 9, 9]
1: 2337: [2, 2, 3]
1: 4815: [0, 1, 1, 3, 3, 3, 3, 4, 4, 4, 4, 4, 5, 5, 5, 5, 6, 7, 7, 8, 8, 9, 9]
1: 3351: [0, 1, 1, 1, 1, 3, 4, 4, 4, 5, 5, 6, 6, 6, 7, 7, 7, 7, 7, 7, 7, 8, 8, 8, 9]
1: 537: [0, 0, 1, 1, 1, 2, 2, 3, 3, 4, 4, 5, 5, 6, 6, 7, 7, 7, 8, 8, 9, 9, 9, 9, 9, 9]
1: 2516: [0, 1, 1, 1, 2, 2, 2, 2, 2, 3, 3, 4, 4, 4, 5, 5, 6, 6, 7, 7, 7, 8, 8, 9, 9, 9]
1: 364: [0, 1, 2, 3, 5]
1: 4812: [0, 0, 1, 1, 2, 2, 2, 2, 3, 4, 4, 4, 4, 5, 7, 7, 8]
1: 4149: [0, 0, 1, 1, 2, 2, 3, 3, 3, 4, 4, 4, 5, 5, 6, 7, 8, 9, 9]
1: 855: [1, 3, 4, 5, 5, 6, 6, 7, 9]
1: 879: [0, 0, 1, 2, 2, 2, 2, 2, 3, 3, 3, 3, 3, 3, 4, 4, 5, 6, 7, 7, 7, 8, 8, 8, 8]
1: 1052: [1, 1, 1, 1, 1, 3, 4, 5, 5, 5, 6, 6, 6, 7, 7, 7, 8, 9]
1: 4979: [0, 0, 1, 1, 1, 1, 2, 2, 2, 2, 4, 4, 5, 5, 5, 5, 5, 6, 6, 6, 6, 6, 6, 7, 7, 7, 7, 9, 9]
1: 2499: [0, 0, 1, 1, 1, 1, 2, 2, 2, 3, 3, 3, 3, 4, 5, 5, 5, 6, 6, 6, 6, 7, 7, 7, 9, 9, 9, 9]
1: 3576: [1, 3, 3, 5, 6, 6, 6, 7, 8, 9]
1: 3702: [0, 0, 0, 0, 0, 1, 1, 2, 2, 2, 3, 3, 4, 5, 5, 5, 5, 6, 6, 6, 6, 6, 7, 7, 8, 9, 9, 9]
1: 218: [1, 1, 2, 3, 3, 4, 4, 4, 4, 4, 5, 5, 5, 5, 6, 6, 7, 7, 7, 7, 8, 8, 8, 8, 9]
1: 3617: [0, 0, 0, 1, 1, 1, 2, 5, 5, 6, 7, 8, 9]
1: 3301: [0, 0, 1, 1, 2, 2, 2, 3, 4, 5, 5, 6, 6, 6, 8, 9, 9]
1: 678: [0, 0, 2, 3, 4, 5, 8, 8, 9]
1: 1893: [0, 1, 1, 3, 3, 4, 5, 6, 6, 8, 8]
1: 4688: [0, 0, 1, 1, 1, 2, 2, 3, 3, 4, 4, 4, 4, 5, 5, 5, 6, 6, 6, 6, 6, 6, 7, 8, 9]
1: 2518: [0, 0, 1, 2, 3, 3, 3, 4, 5, 8, 9]
1: 3777: [0, 1, 1, 1, 2, 2, 2, 2, 3, 3, 4, 4, 4, 4, 4, 6, 7, 8, 8, 8, 8, 8, 9, 9, 9, 9, 9]
1: 4876: [0, 1, 2, 6, 6, 7, 7, 7, 8]
1: 3194: [0, 0, 0, 1, 2, 2, 2, 3, 3, 3, 4, 4, 4, 4, 5, 5, 5, 5, 6, 6, 7, 7, 7, 8, 9, 9]
1: 2179: [0, 0, 1, 1, 1, 2, 2, 2, 3, 3, 5, 5, 5, 6, 6, 6, 7, 7, 7, 7, 7, 8, 8, 9]
1: 810: [0, 0, 0, 1, 1, 2, 3, 3, 3, 3, 3, 3, 3, 3, 4, 4, 5, 5, 5, 5, 5, 6, 6, 6, 6, 6, 7, 7, 8, 8]
1: 910: [0, 0, 0, 0, 1, 2, 2, 2, 3, 3, 4, 5, 5, 6, 6, 7, 7, 7, 7, 7, 8, 8, 8, 9, 9]
1: 1289: [1, 5]
1: 4038: [0, 0, 0, 1, 1, 2, 3, 3, 5, 5, 6]
1: 3589: [0, 0, 0, 2, 3, 3, 4, 4, 5, 6, 6, 6, 6, 7, 8, 8, 9]
1: 363: [3, 4, 6, 8]
1: 3260: [0, 1, 1, 1, 2, 2, 2, 2, 3, 3, 3, 3, 3, 4, 4, 4, 5, 5, 6, 6, 7, 8, 8, 8, 9, 9]
1: 4730: [0, 0, 1, 1, 2, 3, 4, 4, 5, 6, 6, 7, 7, 7]
1: 483: [0, 0, 0, 0, 1, 2, 2, 3, 3, 4, 4, 4, 4, 5, 5, 6, 6, 6, 7, 8, 8, 9, 9, 9, 9, 9]
1: 131: [0, 0, 0, 1, 1, 2, 2, 3, 4, 5, 6, 7, 9, 9]
1: 3052: [0, 2, 2, 5, 5, 5, 9]
1: 4400: [0, 0, 1, 1, 1, 1, 3, 3, 3, 4, 4, 4, 5, 6, 6, 6, 6, 7, 7, 7, 9, 9, 9, 9, 9, 9]
1: 782: [1, 1, 2, 2, 3, 3, 3, 4, 4, 5, 7, 8, 9]
1: 3756: [0, 0, 1, 2, 2, 2, 3, 3, 4, 5, 5, 6, 7, 8, 9, 9]
1: 1697: [0, 0, 0, 1, 1, 2, 3, 4, 4, 4, 4, 5, 7, 8, 8, 8, 9, 9]
1: 939: [0, 0, 0, 0, 0, 1, 1, 2, 2, 3, 3, 3, 3, 4, 5, 6, 6, 6, 6, 8]
1: 916: [6]
1: 2582: [0, 1, 1, 1, 2, 2, 3, 4, 4, 4, 4, 5, 5, 5, 5, 6, 6, 6, 6, 7, 7, 8, 8, 8, 9, 9, 9, 9]
1: 4402: [0, 2, 3, 4, 5, 6, 9]
1: 3752: [1, 1, 1, 3, 3]
1: 2132: [1, 3, 3, 4, 4, 5, 7]
1: 690: [0, 0, 1, 1, 1, 1, 2, 2, 2, 3, 3, 3, 3, 4, 4, 4, 4, 4, 5, 5, 6, 6, 6, 6, 6, 8, 9, 9]
1: 3107: [1, 2, 4, 6, 8]
1: 4622: [1, 1, 1, 3, 3, 6]
1: 3542: [0, 1, 2, 3, 4, 5, 5, 5, 6, 6, 7, 7, 8, 8, 8, 8, 8, 9, 9]
1: 4409: [6, 9]
1: 36: [0, 1, 1, 2, 3, 3, 3, 4, 4, 5, 5, 6, 6, 6, 7, 7, 8, 8]
1: 1353: [0, 0, 1, 1, 2, 2, 2, 2, 3, 3, 3, 4, 5, 5, 6, 6, 7, 7, 7, 7, 8, 8, 8, 8, 8, 8, 9, 9, 9, 9]
1: 3939: [0, 1, 5, 8]
1: 1487: [0, 1, 1, 1, 2, 2, 5, 5, 6, 6, 7, 7, 8, 9, 9]
1: 3957: [0, 1, 1, 2, 2, 3, 3, 4, 4, 5, 5, 6, 6, 6, 7, 8, 8, 9]
1: 4675: [0, 1, 1, 1, 1, 3, 5, 5, 5, 5, 5, 6, 8, 8, 9, 9]
1: 1075: [1, 1, 1, 1, 1, 2, 2, 2, 2, 2, 3, 4, 4, 6, 6, 7, 7, 7, 7, 7, 8, 9, 9, 9]
1: 1972: [0, 1, 1, 1, 1, 2, 2, 3, 4, 4, 4, 5, 6, 6, 6, 6, 6, 6, 6, 6, 8, 8, 8, 9]
1: 842: [0, 0, 5, 5, 7]
1: 2470: [0, 1, 2, 2, 2, 2, 3, 3, 4, 4, 6, 6, 8, 9, 9]
1: 2213: [0, 2, 2, 3, 3, 3, 4, 4, 4, 4, 4, 5, 5, 6, 6, 6, 6, 6, 7, 7, 7, 8, 8, 9, 9, 9]
1: 4493: [0, 1, 2, 2, 2, 2, 3, 4, 5, 5, 6, 8, 8]
1: 3867: [4, 7, 8, 9]
1: 1: [0, 0, 1, 2, 3, 4, 5, 5, 5, 6, 6, 7, 7, 7, 8, 9, 9]
1: 2744: [1, 1, 1, 2, 3, 4, 5, 5, 6, 6, 7, 7, 8, 8, 8, 8, 9]
1: 1630: [0, 2, 3, 3, 4, 5, 5]
1: 2816: [0, 0, 1, 1, 2, 2, 2, 2, 2, 3, 3, 5, 7, 7, 8, 8, 9, 9, 9]
1: 850: [1, 1, 1, 2, 2, 3, 3, 5, 6, 7, 7, 9, 9, 9, 9]
1: 2176: [1, 3, 5, 5]
1: 1637: [0, 0, 1, 2, 4, 5, 6, 6, 8, 8, 8, 8, 9]
1: 4355: [0, 1, 2, 2, 2, 2, 2, 2, 2, 2, 3, 3, 4, 4, 4, 4, 5, 5, 6, 6, 6, 7, 7, 7, 8, 8, 8, 9, 9, 9]
1: 176: [6]
1: 4617: [2, 5, 9]
1: 674: [0, 1, 1, 2, 4, 4, 6, 6, 7, 8]
1: 852: [0, 0, 1, 1, 1, 2, 2, 3, 4, 4, 4, 5, 5, 6, 6, 7, 7, 8, 9]
1: 1808: [0, 0, 1, 1, 1, 2, 3, 3, 4, 4, 4, 4, 4, 5, 6, 6, 7, 7, 7, 8, 8, 8, 9]
1: 1278: [0, 1, 4, 6]
1: 4030: [0, 0, 1, 1, 2, 2, 2, 3, 3, 4, 4, 4, 4, 5, 5, 6, 6, 7, 7, 7, 7, 8, 9]
1: 1941: [0, 0, 0, 1, 1, 2, 2, 2, 2, 2, 3, 3, 3, 4, 4, 5, 5, 8, 8, 8, 9, 9, 9]
1: 1598: [0, 1, 2, 2, 4, 5, 5, 5, 7, 7, 7, 8]
1: 4637: [0, 0, 1, 1, 2, 2, 3, 3, 3, 3, 3, 3, 5, 5, 6, 6, 7, 7, 8, 8, 8, 8, 8, 8, 8, 9, 9, 9]
1: 2396: [0, 0, 1, 3, 3, 4, 5, 5, 5, 6, 6, 8, 8, 8, 9, 9]
1: 2343: [0, 1, 1, 2, 2, 3, 4, 4, 5, 5, 6, 7, 7, 7, 8, 9, 9]
1: 609: [0, 0, 1, 1, 2, 3, 3, 4, 5, 5, 5, 5, 6, 6, 7, 7, 7, 8, 8, 8, 9, 9]
1: 3160: [0, 0, 0, 1, 3, 3, 8, 8, 9, 9]
1: 1134: [0, 0, 0, 1, 1, 1, 1, 1, 2, 2, 2, 3, 3, 3, 3, 4, 4, 5, 5, 6, 6, 8, 8, 8, 8, 9]
1: 1737: [0, 0, 1, 2, 2, 3, 3, 3, 3, 4, 4, 4, 4, 5, 5, 5, 6, 7, 8, 8, 8, 9]
1: 1185: [0, 0, 1, 1, 1, 1, 2, 2, 3, 3, 4, 5, 6, 6, 8, 8, 8, 9, 9]
1: 2755: [0, 0, 1, 1, 1, 1, 1, 1, 1, 3, 3, 3, 3, 3, 4, 4, 4, 6, 6, 6, 7, 7, 8, 8, 8, 8, 8, 8, 9]
1: 3484: [1, 1, 1, 1, 1, 2, 2, 4, 5, 5, 6, 6, 6, 6, 7, 8, 8, 9, 9]
1: 3514: [0, 0, 0, 0, 0, 1, 1, 1, 1, 2, 3, 3, 3, 4, 4, 5, 5, 5, 6, 8, 8, 8, 8, 9]
1: 4685: [0, 0, 1, 2, 2, 2, 3, 4, 4, 4, 4, 4, 5, 5, 5, 6, 6, 6, 6, 7, 7, 7, 7, 7, 8, 8, 9, 9]
1: 2632: [0, 1, 3, 3, 4, 4, 6, 6, 7, 8, 9]
1: 2565: [0, 0, 0, 0, 1, 1, 2, 2, 2, 2, 3, 4, 5, 6, 6, 6, 6, 6, 7, 8, 8, 9]
1: 2410: [0, 0, 0, 0, 1, 2, 4, 4, 4, 5, 5, 6, 7, 7, 7, 9, 9, 9]
1: 3645: [1, 2, 2, 2, 2, 3, 4, 5, 5, 6, 8, 9]
1: 1255: [0, 2, 3, 3, 4, 4, 4, 5, 5, 5, 6, 7, 8, 8, 9]
1: 1128: [0, 4, 5, 7, 8, 8, 8, 9]
1: 1916: [2, 3, 3, 3, 3, 3, 4, 4, 4, 5, 5, 5, 5, 6, 9]
1: 162: [2, 2, 2, 2, 2, 4, 4, 4, 4, 4, 4, 5, 6, 7, 7, 8, 8, 8, 8, 8, 9, 9]
1: 2427: [0, 5, 6, 9]
1: 3814: [0, 1, 2, 2, 4, 6, 6, 7, 9, 9]
1: 3596: [0, 0, 0, 1, 1, 2, 2, 3, 3, 3, 4, 5, 5, 6, 8, 8, 9, 9]
1: 2623: [1, 2, 2, 2, 3, 3, 3, 3, 3, 6, 7, 7, 8, 8, 8, 8, 8, 9, 9]
1: 1857: [0, 0, 0, 0, 1, 3, 3, 3, 3, 3, 3, 4, 4, 5, 5, 5, 5, 6, 6, 6, 6, 6, 7, 7, 7, 7, 8, 9, 9]
1: 1555: [0, 1, 3, 4, 4, 5, 5, 5, 5, 5, 6, 6, 7, 7, 7, 8, 8, 8, 8, 8]
1: 459: [0, 0, 0, 1, 2, 3, 3, 4, 5, 6, 6, 9]
1: 134: [0, 0, 0, 0, 0, 0, 1, 1, 1, 1, 2, 2, 2, 2, 3, 3, 4, 4, 4, 4, 4, 5, 5, 5, 6, 9, 9, 9, 9]
1: 1977: [0, 0, 1, 1, 2, 2, 5, 6, 6, 7, 8, 9, 9]
1: 4435: [0, 0, 1, 1, 2, 2, 2, 3, 4, 4, 5, 5, 9]
1: 684: [2, 3, 3, 6, 7, 8, 9]
1: 269: [4, 8]
1: 117: [0, 1, 1, 2, 3, 3, 3, 3, 4, 6, 8, 8, 9, 9]
1: 374: [1, 1, 3, 4, 5, 5, 5, 7, 8, 8, 8, 9, 9]
1: 429: [0, 0, 0, 1, 1, 2, 3, 3, 3, 4, 4, 4, 4, 5, 6, 7, 7, 7, 8, 8, 9, 9]
1: 1723: [2, 8]
1: 2349: [0, 0, 0, 0, 1, 1, 2, 2, 2, 2, 2, 2, 3, 4, 4, 4, 5, 6, 6, 6, 7, 8, 8, 8, 9, 9]
1: 4877: [4, 4, 5, 6]
1: 3095: [1, 1, 2, 5, 8]
1: 2749: [0, 1, 2, 2, 2, 3, 4, 5, 5, 5, 5, 6, 6, 6, 7, 7, 7, 8, 8, 8, 9, 9, 9, 9, 9]
1: 418: [0, 0, 0, 1, 1, 2, 3, 3, 3, 3, 3, 4, 4, 5, 6, 6, 6, 6, 7, 7, 7, 8, 8, 9, 9]
1: 2628: [0, 1, 1, 1, 2, 2, 2, 3, 3, 4, 4, 4, 4, 4, 6, 6, 6, 6, 6, 7, 7, 7, 7, 7, 8, 8, 8, 9]
1: 3980: [4]
1: 286: [0, 0, 1, 1, 2, 2, 2, 3, 4, 4, 4, 5, 5, 6, 7, 7, 8, 8, 9, 9, 9, 9]
1: 2523: [0, 0, 0, 0, 0, 0, 0, 1, 1, 1, 2, 2, 2, 2, 3, 3, 3, 4, 4, 5, 5, 5, 6, 6, 7, 8, 9, 9, 9, 9]
1: 3012: [0, 1, 1, 1, 1, 2, 2, 2, 2, 3, 3, 4, 4, 4, 4, 5, 5, 5, 6, 6, 7, 8, 8, 9, 9, 9]
1: 111: [0, 0, 0, 1, 1, 2, 2, 2, 3, 3, 4, 5, 5, 5, 6, 6, 7, 7, 8, 8, 8, 8, 9, 9]
1: 1767: [0, 2, 2, 3, 4, 6, 6, 9, 9, 9]
1: 1399: [0, 0, 0, 0, 0, 1, 1, 2, 3, 4, 4, 4, 5, 6, 6, 6, 6, 6, 6, 8, 8, 8, 9, 9, 9, 9]
1: 2873: [0, 1, 1, 1, 2, 2, 3, 4, 4, 4, 5, 6, 6, 6, 7, 7, 7, 7, 7, 7, 8, 8, 8, 8, 9, 9, 9, 9]
1: 1252: [0, 0, 0, 1, 1, 1, 2, 2, 3, 3, 3, 4, 6, 6, 8, 8, 9]
1: 4640: [0, 0, 1, 1, 2, 2, 2, 3, 3, 3, 3, 4, 4, 4, 4, 5, 5, 5, 7, 7, 7, 7, 7, 8, 8, 9, 9]
1: 4706: [0, 2, 2, 2, 5, 5, 5, 6, 7, 8, 8, 9, 9]
1: 3389: [0, 0, 1, 1, 2, 2, 2, 2, 2, 3, 3, 3, 4, 4, 5, 5, 6, 6, 7, 8, 8, 8, 8, 9, 9, 9, 9]
1: 1883: [0, 0, 0, 1, 1, 1, 2, 2, 2, 3, 3, 3, 4, 4, 4, 4, 4, 5, 6, 7, 7, 7, 8, 8, 8, 8, 9, 9]
1: 2000: [0, 4]
1: 2806: [1, 1, 4, 4, 4, 5, 5, 5, 5, 8, 9, 9]
1: 2109: [0, 1, 2, 2, 4, 4, 4, 5, 6, 6, 7, 8, 8]
1: 1492: [0, 1, 1, 2, 2, 3, 3, 4, 4, 4, 5, 5, 5, 5, 6, 6, 6, 6, 6, 7, 8, 8, 9, 9, 9]
1: 3437: [0, 0, 0, 0, 1, 1, 1, 2, 2, 3, 3, 4, 4, 4, 5, 5, 6, 7, 8, 8, 8, 9, 9]
1: 1449: [0, 1, 1, 1, 2, 3, 3, 3, 5, 6, 6, 6, 6, 6, 7, 7, 7, 8, 9, 9]
1: 4212: [0, 1, 1, 1, 1, 1, 2, 3, 3, 3, 3, 4, 4, 4, 7, 7, 7, 8, 8, 8, 9]
1: 3002: [0, 0, 2, 3, 3, 4, 4, 5, 6, 6, 7, 8, 8]
1: 3763: [0, 1, 2, 2, 3, 4, 4, 5, 5, 6, 6, 7, 7, 7, 9, 9]
1: 3650: [0, 0, 0, 1, 3, 4, 4, 6, 7, 7, 8, 8, 8, 9, 9, 9]
1: 2091: [3, 3, 3, 4, 5, 7, 7]
1: 4451: [0, 0, 1, 1, 2, 2, 3, 3, 3, 3, 4, 5, 5, 5, 6, 6, 6, 6, 7, 7, 7, 8, 8, 8, 8, 9, 9, 9]
1: 369: [2]
1: 866: [0, 0, 1, 2, 2, 3, 3, 3, 4, 4, 4, 5, 5, 5, 6, 6, 6, 7, 7, 7, 8, 8, 9, 9, 9]
1: 2627: [0, 0, 1, 2, 2, 2, 3, 3, 3, 4, 4, 6, 6, 6, 6, 7, 7, 7, 7, 8, 9, 9]
1: 1936: [0, 0, 0, 1, 1, 1, 2, 2, 2, 2, 2, 3, 3, 4, 5, 5, 6, 6, 6, 7, 7, 8, 9, 9]
1: 3199: [1, 1, 2, 2, 2, 3, 3, 3, 3, 4, 4, 5, 5, 5, 5, 5, 6, 7, 7, 7, 8, 9]
1: 3422: [1, 1, 2, 2, 4, 6, 6, 9, 9]
1: 3302: [2, 2, 3, 3, 3, 4, 5, 5, 6, 6, 7, 9, 9]
1: 3737: [0, 0, 0, 0, 1, 3, 4, 4, 5, 5, 6, 8, 8, 8, 8, 9, 9]
1: 3457: [0, 0, 0, 0, 1, 1, 1, 1, 2, 2, 2, 3, 3, 3, 3, 4, 5, 5, 5, 7, 7, 7, 7, 7, 8, 8, 8, 8, 9]
1: 2394: [0, 1, 1, 1, 4, 4, 6, 8, 8]
1: 401: [0, 0, 1, 1, 2, 2, 3, 3, 3, 4, 4, 5, 6, 7, 9, 9, 9]
1: 821: [0, 0, 0, 1, 1, 2, 2, 3, 3, 4, 5, 5, 7, 7, 7, 8, 9, 9]
1: 1523: [0, 0, 1, 2, 2, 3, 3, 3, 4, 4, 4, 6, 6, 6, 7, 7, 7, 8, 8, 8, 8]
1: 403: [4]
1: 4627: [0, 1, 2, 5, 6, 7, 8]
1: 2312: [0, 1, 1, 2, 3, 3, 4, 5, 5, 5, 5, 6, 6, 6, 6, 6, 6, 7, 8, 8, 8, 8, 9, 9]
1: 2574: [2, 4, 5, 5, 6, 8, 8, 9]
1: 1015: [0, 0, 0, 1, 1, 2, 2, 2, 2, 3, 3, 3, 4, 4, 4, 5, 5, 6, 8, 8, 8, 8, 9]
1: 2083: [0, 1, 1, 2, 2, 2, 3, 3, 4, 4, 4, 5, 5, 5, 6, 6, 7, 7, 7, 8, 8, 8, 8, 9]
1: 450: [0, 3, 6]
1: 2879: [0, 1, 2, 2, 2, 2, 3, 3, 3, 4, 4, 4, 5, 7, 7, 7, 7, 7, 8, 8, 8, 9]
1: 562: [0, 2, 2, 4, 6, 7, 7]
1: 725: [0, 0, 0, 0, 1, 1, 2, 2, 3, 3, 3, 4, 4, 5, 6, 6, 7, 7, 7, 8, 8, 8, 9, 9, 9, 9]
1: 3925: [0, 0, 0, 0, 1, 2, 2, 2, 3, 3, 3, 4, 4, 5, 5, 5, 6, 6, 6, 6, 7, 7, 7, 8, 8, 9, 9, 9]
1: 1462: [0, 1, 1, 2, 3, 3, 3, 3, 4, 4, 5, 7, 7, 8, 8, 9]
1: 441: [0, 0, 1, 2, 2, 3, 3, 4, 4, 4, 5, 5, 5, 5, 6, 6, 6, 6, 6, 7, 7, 7, 7, 8, 8, 8]
1: 4252: [0, 0, 0, 0, 0, 1, 2, 2, 2, 2, 2, 2, 3, 3, 3, 3, 4, 4, 4, 5, 5, 5, 6, 6, 6, 6, 7, 8, 8, 9]
1: 2852: [0, 2]
1: 3880: [0, 0, 1, 1, 4, 5, 5, 5, 6, 6, 7, 8, 8, 9]
1: 621: [0, 2, 2, 3, 3, 5, 6, 6, 6, 7, 8, 8, 9]
1: 1077: [1, 5, 5, 5, 6, 6, 7, 7, 8, 8]
1: 4266: [1, 1, 1, 2, 2, 3, 3, 3, 3, 3, 4, 4, 5, 6, 6, 7, 8, 8, 8, 8, 8, 9, 9, 9, 9, 9]
1: 20: [0, 1, 1, 1, 2, 2, 2, 3, 4, 4, 6, 6, 7, 7, 8, 9, 9, 9]
1: 4424: [0, 0, 0, 0, 1, 1, 2, 3, 3, 3, 4, 4, 4, 6, 6, 6, 7, 7, 7, 7, 8]
1: 3792: [0, 0, 0, 1, 2, 2, 2, 2, 3, 3, 4, 4, 4, 4, 4, 4, 5, 6, 7, 7, 8, 9]
1: 1725: [1, 1, 1, 2, 2, 3, 3, 4, 5, 6, 6, 6, 7, 7, 8, 8, 9, 9, 9, 9]
1: 2307: [0, 0, 1, 1, 1, 1, 1, 4, 4, 5, 5, 6, 6, 6, 7, 7, 7, 7, 8, 8, 8, 8, 9, 9, 9, 9, 9, 9]
1: 3622: [0, 0, 1, 1, 1, 3, 3, 4, 5, 5, 5, 5, 5, 6, 7, 7, 7, 7, 8, 9, 9, 9, 9]
1: 4881: [0, 0, 2, 2, 3, 3, 4, 4, 4, 5, 5, 5, 6, 6, 7, 7, 7, 8, 8, 9, 9]
1: 2847: [0, 0, 1, 2, 2, 2, 3, 3, 3, 3, 4, 5, 6, 6, 6, 6, 7, 7, 7, 8, 8, 9]
1: 2270: [0, 0, 1, 1, 2, 2, 3, 3, 4, 5, 6, 6, 7, 8, 8, 9, 9]
1: 4717: [0, 0, 1, 1, 1, 1, 2, 3, 4, 4, 4, 5, 5, 6, 6, 6, 6, 6, 6, 7, 7, 7, 7, 9, 9, 9, 9]
1: 2027: [0, 0, 0, 1, 2, 2, 2, 3, 4, 4, 5, 5, 6, 7, 8, 8, 8, 9, 9, 9, 9]
1: 289: [3, 4, 5, 7, 8, 9, 9]
1: 489: [0, 0, 1, 3, 3, 4, 4, 5, 7, 7, 7, 8, 8, 9]
1: 1512: [0, 0, 1, 1, 1, 1, 2, 2, 3, 3, 4, 4, 4, 4, 5, 5, 5, 6, 6, 7, 7, 7, 8, 8, 9, 9]
1: 1992: [0, 1, 2, 2, 2, 3, 3, 5, 5, 6, 6, 6, 6, 7, 8, 8, 8, 9, 9]
1: 1979: [0, 2, 5, 6, 6]
1: 2456: [0, 0, 0, 1, 1, 1, 2, 2, 2, 2, 3, 4, 5, 5, 6, 6, 6, 7, 7, 8, 8, 8, 9]
1: 4198: [0, 2, 2, 2, 2, 3, 4, 4, 5, 5, 5, 6, 6, 6, 6, 9, 9, 9, 9, 9]
1: 2778: [0, 2, 3, 3, 4, 4, 5, 5, 8, 8, 8, 9]
1: 3126: [0, 0, 1, 1, 1, 1, 1, 2, 3, 4, 5, 5, 5, 6, 6, 6, 6, 7, 7, 7, 7, 8, 8, 8, 8, 9]
1: 1836: [0, 0, 1, 1, 2, 2, 2, 3, 3, 3, 3, 4, 5, 5, 6, 7, 7, 9, 9]
1: 3978: [0, 0, 2, 3, 4, 6, 7, 9, 9]
1: 3611: [0, 0, 1, 2, 3, 3, 5, 5, 5, 6, 7, 8, 8, 9]
1: 4379: [0, 0, 0, 0, 1, 1, 1, 2, 2, 4, 5, 6, 6, 6, 6, 6, 7, 8]
1: 2472: [0, 1, 2, 4, 4, 4, 6, 6, 7, 7, 8, 8, 9]
1: 2980: [0, 0, 1, 1, 2, 2, 3, 4, 5, 5, 5, 6, 6, 6, 7, 8, 9, 9]
1: 1590: [0, 0, 3, 3, 4, 5, 5, 5, 8]
1: 2242: [0, 5, 5, 8, 9]
1: 554: [0, 1, 6, 7, 9, 9]
1: 2923: [8]
1: 1154: [1, 2, 3, 4, 4, 5, 6, 7, 9]
1: 1429: [0, 0, 0, 0, 2, 2, 3, 3, 3, 4, 4, 5, 7, 7, 7, 8, 9, 9, 9]
1: 4697: [1, 1, 2, 2, 2, 2, 3, 3, 4, 5, 5, 6, 6, 7, 7, 7, 8, 9]
1: 1772: [0, 0, 0, 0, 0, 1, 2, 2, 2, 3, 3, 4, 5, 5, 5, 5, 5, 6, 6, 7, 8, 8, 8, 9, 9]
1: 2036: [4, 5, 6, 8, 9, 9]
1: 2414: [0, 1, 1, 2, 2, 3, 3, 3, 3, 4, 4, 4, 5, 6, 6, 6, 7, 7, 8, 9, 9, 9]
1: 4404: [0, 0, 1, 1, 2, 3, 3, 4, 4, 4, 6, 7, 8, 8, 8]
1: 4731: [0, 2, 3, 3, 4, 4, 4, 4, 5, 6, 6, 7, 7, 7, 8, 8, 8, 9]
1: 822: [1, 1, 1, 1, 1, 2, 4, 4, 4, 5, 5, 5, 6, 7, 8, 8]
1: 3425: [0, 1, 1, 3, 3, 3, 4, 5, 5, 6, 6, 7, 7, 8, 9]
1: 682: [0, 0, 0, 0, 0, 1, 1, 2, 2, 2, 2, 2, 4, 4, 4, 5, 5, 6, 6, 6, 7, 7, 7, 7, 8, 8, 9, 9, 9, 9]
1: 3997: [1, 6, 7, 7]
1: 4761: [0, 1, 1, 2, 2, 2, 2, 3, 3, 3, 3, 4, 4, 5, 5, 5, 6, 6, 6, 7, 7, 8, 8, 8, 9, 9, 9, 9, 9]
1: 1516: [0, 1, 1, 1, 1, 1, 2, 2, 2, 3, 3, 4, 5, 5, 5, 5, 6, 6, 6, 6, 6, 7, 8, 9]
1: 2819: [0, 0, 0, 1, 1, 2, 3, 4, 4, 4, 4, 5, 5, 5, 5, 6, 7, 7, 9, 9, 9, 9]
1: 4788: [0, 0, 2, 3, 5, 6, 6, 7, 7]
1: 2402: [1, 1, 3, 4, 4, 4, 5, 5, 5, 5, 6, 6, 6, 6, 7, 8, 8, 8, 9, 9, 9, 9]
1: 1227: [0, 0, 0, 0, 1, 1, 2, 2, 4, 4, 4, 4, 5, 5, 6, 6, 6, 6, 7, 7, 7, 7, 7, 8, 8, 8, 8, 9, 9]
1: 4421: [1, 1, 1, 2, 2, 3, 3, 4, 4, 4, 4, 9, 9, 9]
1: 4398: [0, 1, 4, 4, 5, 5, 7, 7, 7, 7]
1: 3029: [0, 0, 1, 1, 3, 4, 5, 5, 6, 9, 9, 9]
1: 4462: [0, 1, 3, 4, 4, 5, 6, 8, 9]
1: 1897: [0, 7, 8, 9]
1: 796: [0, 0, 1, 1, 2, 2, 2, 2, 3, 3, 3, 5, 6, 7, 7, 7, 7, 7, 8, 8, 9, 9, 9, 9, 9]
1: 379: [0, 0, 1, 1, 1, 2, 2, 2, 2, 2, 3, 3, 3, 3, 4, 4, 5, 5, 6, 6, 7, 7, 8, 8]
1: 3330: [0, 1, 1, 1, 1, 1, 2, 2, 2, 2, 3, 3, 3, 3, 3, 4, 4, 4, 5, 5, 5, 6, 6, 7, 8, 8, 8, 8, 8, 9]
1: 4945: [0, 2, 4, 4, 5, 5, 5, 6]
1: 869: [0, 0, 0, 0, 1, 1, 1, 2, 5, 5, 6, 6, 6, 7, 7, 7, 7]
1: 4520: [0, 0, 0, 0, 1, 2, 2, 3, 6, 6, 6, 7, 7, 9, 9, 9, 9]
1: 1853: [0, 0, 2, 8]
1: 2503: [0, 2, 4, 6, 7, 8]
1: 994: [4, 7, 9]
1: 4186: [1, 1, 2, 2, 2, 3, 3, 4, 4, 4, 5, 5, 6, 6, 7, 8, 8, 9]
1: 4704: [1, 1, 2, 2, 3, 3, 4, 4, 5, 5, 5, 5, 6, 6, 6, 7, 7, 7, 7, 8, 9]
1: 3562: [0, 0, 2, 2, 3, 4, 4, 4, 5, 5, 5, 5, 5, 6, 6, 7, 7, 7, 8, 8, 9, 9]
1: 4339: [2, 3, 3, 4, 4, 5, 5, 6, 6, 6, 6, 7, 7, 7, 8, 9]
1: 625: [2, 2, 3, 3, 6]
1: 3032: [1, 2, 2, 3, 4, 4, 5, 6, 7, 7]
1: 1945: [0, 0, 0, 1, 1, 1, 1, 1, 2, 2, 2, 3, 3, 3, 4, 5, 5, 6, 7, 7, 7, 8, 8, 8, 8, 9]
1: 4280: [0, 0, 0, 2, 4, 4, 5, 7, 7, 8, 9]
1: 4505: [2, 6, 7, 9]
1: 290: [0, 1, 1, 2, 3, 4, 5, 6, 6, 6, 8, 8, 8, 9, 9]
1: 623: [0, 0, 1, 1, 1, 2, 2, 5, 5, 6, 6, 6, 8, 8]
1: 2369: [4, 5, 8, 8]
1: 1058: [0, 2]
1: 3965: [0, 0, 1, 1, 1, 1, 2, 2, 2, 3, 3, 3, 3, 3, 4, 4, 5, 6, 6, 6, 7, 7, 7, 9, 9]
1: 4190: [2, 3, 3, 4, 4, 4, 6, 6, 7, 8, 8, 9, 9]
1: 3561: [0, 1, 1, 1, 1, 2, 2, 3, 4, 5, 5, 5, 6, 6, 8, 8, 8, 8, 9]
1: 332: [0, 0, 0, 1, 2, 3, 3, 4, 4, 5, 5, 5, 5, 5, 5, 6, 6, 7, 7, 7, 8, 8, 8, 8, 8, 8, 9, 9, 9]
1: 4574: [0, 0, 0, 2, 2, 3, 4, 4, 5, 5, 6, 6, 7, 8, 8, 8, 9, 9, 9]
1: 2882: [0, 0, 0, 1, 1, 1, 2, 3, 3, 4, 4, 4, 5, 6, 6, 6, 7, 7, 7, 7, 8, 9, 9, 9, 9, 9, 9]
1: 580: [0, 0, 2, 2, 2, 3, 5, 6, 6, 7, 7, 7, 7, 8, 8, 8, 9, 9, 9, 9, 9, 9, 9]
1: 1259: [0, 1, 3, 3, 5, 7, 7, 9]
1: 2387: [0, 1, 1, 2, 2, 2, 3, 3, 4, 5, 5, 6, 6, 7, 8, 8, 9, 9]
1: 312: [0, 1, 1, 2, 3, 3, 4, 5, 6, 8]
1: 2130: [0, 1, 1, 1, 1, 2, 2, 3, 3, 3, 3, 3, 4, 4, 5, 5, 5, 6, 8, 8, 9, 9, 9, 9]
1: 2554: [0, 1, 3, 3, 6, 6, 6, 8, 8, 9]
1: 769: [1, 1, 2, 2, 2, 3, 3, 3, 3, 4, 4, 4, 5, 5, 6, 6, 6, 6, 6, 7, 7, 8, 8, 8, 8, 8, 9, 9, 9]
1: 596: [0, 0, 0, 1, 2, 2, 3, 3, 3, 4, 5, 5, 6, 7, 9]
1: 1506: [5, 8]
1: 3235: [0, 0, 1, 1, 2, 4, 4, 4, 7, 7, 9]
0: 200: [1, 2, 3]
1: 300: [1, 9, 10, 9, 1]
0: 400: [1, 2, 4, 5]
1: 120: [1, 9, 10, 9, 1, 1]
0: 500: [1, 2, 4, 5]
0: 900: [1, 9, 10, 9, 1, 1]
0: 400: [1, 1, 1, 1, 1, 1, 1, 1, 1, 1]
0: 200: [1, 2, 3]
0: 500: [1, 2, 4, 5]
0: 900: [1, 9, 10, 9, 1, 1]
0: 400: [1, 1, 1, 1, 1, 1, 1, 1, 1, 1]
0: 200: [1, 2, 3]
0: 500: [1, 2, 4, 5]
0: 900: [1, 9, 10, 9, 1, 1]
0: 400: [1, 1, 1, 1, 1, 1, 1, 1, 1, 1]
0: 200: [1, 2, 3]
0: 500: [1, 2, 4, 5]
0: 900: [1, 9, 10, 9, 1, 1]
0: 400: [1, 1, 1, 1, 1, 1, 1, 1, 1, 1]
0: 200: [1, 2, 3]
0: 500: [1, 2, 4, 5]
0: 900: [1, 9, 10, 9, 1, 1]
0: 400: [1, 1, 1, 1, 1, 1, 1, 1, 1, 1]
0: 200: [1, 2, 3]
0: 500: [1, 2, 4, 5]
0: 900: [1, 9, 10, 9, 1, 1]
0: 400: [1, 1, 1, 1, 1, 1, 1, 1, 1, 1]
0: 200: [1, 2, 3]
0: 500: [1, 2, 4, 5]
0: 900: [1, 9, 10, 9, 1, 1]
1: 400: [1, 1, 1, 1, 1, 1, 1, 1, 1, 1]
