200: [0, 1, 1, 2, 2, 2, 3, 3, 3, 3, 3, 3, 4, 4, 5, 5, 5, 5, 6, 6, 6, 7, 7, 7, 7, 7, 7, 8, 8]
483: [0, 0, 0, 1, 2, 2, 3, 3, 3, 3, 4, 4, 4, 5, 6, 8, 8, 8, 8, 8, 9]
449: [5, 7, 8]
477: [1]
49: [0, 1]
27: [5, 9]
273: [0, 1, 2, 4, 9, 9]
394: [0, 0, 0, 1, 2, 3, 3, 3, 4, 4, 5, 5, 5, 6, 6, 6, 7, 7, 7, 8, 8, 9, 9]
142: [0, 1, 2, 3, 3, 3, 4, 4, 4, 4, 5, 5, 6, 6, 7, 7, 7, 7, 8, 8, 9, 9, 9, 9, 9, 9]
217: [0, 3, 7, 8, 9]
187: [2, 2, 2, 5, 5, 5, 5, 6, 6, 6, 6]
324: [0, 0, 1, 1, 3, 4, 6, 6, 6, 6, 7, 7, 7, 8, 8, 9, 9]
295: [0, 0, 0, 1, 1, 1, 3, 4, 4, 4, 6, 6, 7, 8, 8, 8, 8, 8, 9, 9, 9]
221: [0, 1, 1, 2, 4, 4, 5, 6, 6, 7, 7, 7, 7, 8, 8, 8]
148: [0, 2, 2, 3, 3, 3, 4, 4, 4, 4, 5, 5, 6, 7, 8, 9]
53: [0, 0, 0, 0, 1, 2, 2, 3, 3, 3, 3, 4, 4, 6, 6, 6, 6, 6, 6, 7, 7, 7, 7, 8, 8, 8, 8, 9]
98: [0, 1, 1, 1, 2, 2, 2, 3, 3, 4, 5, 6, 6, 7, 7, 7, 8, 8, 8, 8, 9, 9, 9]
36: [0, 0, 2, 3, 3, 3, 5, 9]
106: [4]
41: [0, 0, 1, 1, 1, 2, 2, 2, 2, 2, 3, 3, 3, 4, 5, 6, 6, 6, 6, 7, 7, 7, 8, 9, 9, 9, 9, 9]
77: [1, 3, 9]
114: [0, 0, 0, 0, 2, 2, 2, 3, 4, 4, 4, 4, 4, 5, 5, 6, 6, 7, 8, 8, 8]
11: [0, 0, 0, 0, 1, 1, 2, 3, 3, 4, 5, 5, 6, 6, 6, 6, 7, 8, 8, 9, 9, 9, 9]
489: [0, 0, 1, 2, 2, 3, 3, 4, 5, 5, 5, 6, 6, 9, 9, 9]
420: [2]
123: [0, 0, 0, 1, 1, 2, 2, 4, 4, 6, 6, 8, 8, 8]
102: [0, 0, 0, 1, 1, 2, 4, 4, 5, 6, 7, 8, 8, 8, 9, 9, 9, 9]
356: [0, 1, 3, 4, 6, 7, 8, 9]
329: [0, 0, 1, 2, 3, 3, 5, 5, 5, 5, 5, 6, 6, 6, 6, 6, 6, 7, 7, 8, 8, 9, 9]
322: [0, 1, 1, 1, 1, 1, 3, 3, 6, 6, 7, 9]
63: [0, 0, 1, 1, 2, 2, 2, 2, 3, 4, 5, 6, 7, 7, 8, 8, 8, 8, 8, 9, 9, 9, 9]
321: [0, 0, 1, 1, 2, 2, 3, 5, 5, 5, 6, 6, 6, 6, 6, 7, 7, 7, 7, 7, 9, 9]
68: [0, 0, 0, 0, 1, 2, 3, 3, 3, 4, 4, 5, 6, 6, 6, 6, 6, 7, 8, 9, 9]
103: [0, 0, 1, 2, 2, 2, 3, 4, 4, 5, 5, 5, 5, 6, 6, 8, 9, 9]
275: [1, 5, 8, 8, 9]
155: [1, 1, 1, 2, 2, 2, 3, 3, 3, 3, 4, 5, 6, 6, 6, 7, 8, 8, 8, 9, 9, 9]
304: [0, 0, 1, 1, 1, 2, 2, 3, 4, 5, 5, 6, 6, 6, 6, 6, 7, 7, 8, 9]
236: [0, 1, 1, 3, 4, 4, 4, 5, 6, 6, 7, 7, 7, 8, 8, 8, 8, 8, 8, 8, 8, 8, 8, 9, 9, 9, 9, 9]
216: [0, 1, 1, 4, 5, 6, 6, 6, 7, 8, 9, 9, 9, 9]
459: [0, 1, 2, 2, 2, 2, 2, 2, 3, 5, 5, 6, 6, 6, 6, 6, 6, 7, 7, 7, 7, 7, 7, 7, 9, 9, 9, 9]
134: [0, 1, 2, 3, 3, 3, 3, 4, 4, 4, 4, 5, 5, 5, 5, 6, 7, 8, 8]
38: [0, 0, 0, 0, 1, 1, 1, 2, 2, 2, 2, 2, 3, 3, 3, 4, 5, 5, 6, 6, 6, 6, 6, 7, 7, 7, 8, 8, 8, 9]
444: [0, 0, 0, 4, 5, 7, 8]
335: [0, 1, 1, 2, 2, 2, 3, 3, 4, 4, 5, 5, 5, 5, 6, 7, 7, 7, 7, 8, 9]
460: [1, 1, 2, 3, 4, 6, 8, 8, 9]
119: [5, 6]
276: [2, 2, 2, 4, 5, 6, 6, 8]
228: [0, 1, 1, 2, 2, 2, 3, 3, 4, 4, 4, 4, 5, 5, 5, 5, 6, 7, 9, 9, 9, 9]
402: [1, 1, 2, 2, 2, 3, 3, 4, 7, 7, 8, 8, 8, 9, 9]
232: [0, 0, 0, 1, 1, 2, 2, 3, 4, 4, 4, 4, 5, 5, 6, 6, 7, 7, 8, 8, 9, 9, 9]
